Timestamp,Interface Name,Point ID,Flow (MWH),Positive Limit (MWH),Negative Limit (MWH)
09/17/2023 00:00,CENTRAL EAST - VC,23330,791.07,1410,-9999
09/17/2023 00:00,DYSINGER EAST,23326,-216.24,3200,-9999
09/17/2023 00:00,MOSES SOUTH,23319,176.24,3000,-1600
09/17/2023 00:00,SCH - HQ - NY,23324,-331,1500,-425
09/17/2023 00:00,SCH - HQ_CEDARS,325274,0,200,0
09/17/2023 00:00,SCH - HQ_IMPORT_EXPORT,325376,-331,1310,-9999
09/17/2023 00:00,SCH - NE - NY,23318,-84.96,1400,-1600
09/17/2023 00:00,SCH - NPX_1385,325277,126,200,-200
09/17/2023 00:00,SCH - NPX_CSC,325154,0,0,0
09/17/2023 00:00,SCH - OH - NY,23317,109.91,1750,-1200
09/17/2023 00:00,SCH - PJ - NY,23316,1293.6,2200,-1200
09/17/2023 00:00,SCH - PJM_HTP,325905,460,660,-660
09/17/2023 00:00,SCH - PJM_NEPTUNE,325305,660,660,-660
09/17/2023 00:00,SCH - PJM_VFT,325658,315,315,-315
09/17/2023 00:00,SPR/DUN-SOUTH,23320,1197.62,4350,-9999
09/17/2023 00:00,TOTAL EAST,23314,2355.33,6150,-9999
09/17/2023 00:00,UPNY CONED,23315,2488.77,5905,-9999
09/17/2023 00:00,WEST CENTRAL,23312,-491.25,9999,-9999
09/17/2023 00:05,CENTRAL EAST - VC,23330,751.93,1410,-9999
09/17/2023 00:05,DYSINGER EAST,23326,-460.37,3200,-9999
09/17/2023 00:05,MOSES SOUTH,23319,179.16,3000,-1600
09/17/2023 00:05,SCH - HQ - NY,23324,-316,1500,-425
09/17/2023 00:05,SCH - HQ_CEDARS,325274,0,200,0
09/17/2023 00:05,SCH - HQ_IMPORT_EXPORT,325376,-316,1310,-9999
09/17/2023 00:05,SCH - NE - NY,23318,32.99,1400,-1600
09/17/2023 00:05,SCH - NPX_1385,325277,114,200,-200
09/17/2023 00:05,SCH - NPX_CSC,325154,0,0,0
09/17/2023 00:05,SCH - OH - NY,23317,-62.93,1750,-1200
09/17/2023 00:05,SCH - PJ - NY,23316,1517.29,2200,-1200
09/17/2023 00:05,SCH - PJM_HTP,325905,350,660,-660
09/17/2023 00:05,SCH - PJM_NEPTUNE,325305,660,660,-660
09/17/2023 00:05,SCH - PJM_VFT,325658,315,315,-315
09/17/2023 00:05,SPR/DUN-SOUTH,23320,1234.63,4350,-9999
09/17/2023 00:05,TOTAL EAST,23314,2261.5,6150,-9999
09/17/2023 00:05,UPNY CONED,23315,2528.92,5905,-9999
09/17/2023 00:05,WEST CENTRAL,23312,-739.35,9999,-9999
09/17/2023 00:10,CENTRAL EAST - VC,23330,758.46,1410,-9999
09/17/2023 00:10,DYSINGER EAST,23326,-466.85,3200,-9999
09/17/2023 00:10,MOSES SOUTH,23319,159.91,3000,-1600
09/17/2023 00:10,SCH - HQ - NY,23324,-316,1500,-425
09/17/2023 00:10,SCH - HQ_CEDARS,325274,0,200,0
09/17/2023 00:10,SCH - HQ_IMPORT_EXPORT,325376,-316,1310,-9999
09/17/2023 00:10,SCH - NE - NY,23318,31.06,1400,-1600
09/17/2023 00:10,SCH - NPX_1385,325277,114,200,-200
09/17/2023 00:10,SCH - NPX_CSC,325154,0,0,0
09/17/2023 00:10,SCH - OH - NY,23317,-62.2,1750,-1200
09/17/2023 00:10,SCH - PJ - NY,23316,1520.72,2200,-1200
09/17/2023 00:10,SCH - PJM_HTP,325905,350,660,-660
09/17/2023 00:10,SCH - PJM_NEPTUNE,325305,660,660,-660
09/17/2023 00:10,SCH - PJM_VFT,325658,315,315,-315
09/17/2023 00:10,SPR/DUN-SOUTH,23320,1236.75,4350,-9999
09/17/2023 00:10,TOTAL EAST,23314,2222.23,6150,-9999
09/17/2023 00:10,UPNY CONED,23315,2524.04,5905,-9999
09/17/2023 00:10,WEST CENTRAL,23312,-740.22,9999,-9999
09/17/2023 00:15,CENTRAL EAST - VC,23330,832.96,1410,-9999
09/17/2023 00:15,DYSINGER EAST,23326,-265.26,3200,-9999
09/17/2023 00:15,MOSES SOUTH,23319,139.9,3000,-1600
09/17/2023 00:15,SCH - HQ - NY,23324,-316,1500,-425
09/17/2023 00:15,SCH - HQ_CEDARS,325274,0,200,0
09/17/2023 00:15,SCH - HQ_IMPORT_EXPORT,325376,-316,1310,-9999
09/17/2023 00:15,SCH - NE - NY,23318,34.47,1400,-1600
09/17/2023 00:15,SCH - NPX_1385,325277,114,200,-200
09/17/2023 00:15,SCH - NPX_CSC,325154,0,0,0
09/17/2023 00:15,SCH - OH - NY,23317,-63.63,1750,-1200
09/17/2023 00:15,SCH - PJ - NY,23316,1596.05,2200,-1200
09/17/2023 00:15,SCH - PJM_HTP,325905,350,660,-660
09/17/2023 00:15,SCH - PJM_NEPTUNE,325305,660,660,-660
09/17/2023 00:15,SCH - PJM_VFT,325658,315,315,-315
09/17/2023 00:15,SPR/DUN-SOUTH,23320,1144.25,4350,-9999
09/17/2023 00:15,TOTAL EAST,23314,2417.22,6150,-9999
09/17/2023 00:15,UPNY CONED,23315,2409.83,5905,-9999
09/17/2023 00:15,WEST CENTRAL,23312,-526.15,9999,-9999
09/17/2023 00:20,CENTRAL EAST - VC,23330,816.8,1390,-9999
09/17/2023 00:20,DYSINGER EAST,23326,-237.92,3200,-9999
09/17/2023 00:20,MOSES SOUTH,23319,117.63,3000,-1600
09/17/2023 00:20,SCH - HQ - NY,23324,-316,1500,-425
09/17/2023 00:20,SCH - HQ_CEDARS,325274,0,200,0
09/17/2023 00:20,SCH - HQ_IMPORT_EXPORT,325376,-316,1310,-9999
09/17/2023 00:20,SCH - NE - NY,23318,37.94,1400,-1600
09/17/2023 00:20,SCH - NPX_1385,325277,114,200,-200
09/17/2023 00:20,SCH - NPX_CSC,325154,0,0,0
09/17/2023 00:20,SCH - OH - NY,23317,-65.19,1750,-1200
09/17/2023 00:20,SCH - PJ - NY,23316,1674.02,2200,-1200
09/17/2023 00:20,SCH - PJM_HTP,325905,350,660,-660
09/17/2023 00:20,SCH - PJM_NEPTUNE,325305,660,660,-660
09/17/2023 00:20,SCH - PJM_VFT,325658,315,315,-315
09/17/2023 00:20,SPR/DUN-SOUTH,23320,1140.81,4350,-9999
09/17/2023 00:20,TOTAL EAST,23314,2415.8,6150,-9999
09/17/2023 00:20,UPNY CONED,23315,2421.09,5905,-9999
09/17/2023 00:20,WEST CENTRAL,23312,-496.27,9999,-9999
09/17/2023 00:25,CENTRAL EAST - VC,23330,808.31,1390,-9999
09/17/2023 00:25,DYSINGER EAST,23326,-255.31,3200,-9999
09/17/2023 00:25,MOSES SOUTH,23319,121.81,3000,-1600
09/17/2023 00:25,SCH - HQ - NY,23324,-316,1500,-425
09/17/2023 00:25,SCH - HQ_CEDARS,325274,0,200,0
09/17/2023 00:25,SCH - HQ_IMPORT_EXPORT,325376,-316,1310,-9999
09/17/2023 00:25,SCH - NE - NY,23318,37.29,1400,-1600
09/17/2023 00:25,SCH - NPX_1385,325277,114,200,-200
09/17/2023 00:25,SCH - NPX_CSC,325154,0,0,0
09/17/2023 00:25,SCH - OH - NY,23317,-65,1750,-1200
09/17/2023 00:25,SCH - PJ - NY,23316,1676.47,2200,-1200
09/17/2023 00:25,SCH - PJM_HTP,325905,350,660,-660
09/17/2023 00:25,SCH - PJM_NEPTUNE,325305,660,660,-660
09/17/2023 00:25,SCH - PJM_VFT,325658,315,315,-315
09/17/2023 00:25,SPR/DUN-SOUTH,23320,1121.77,4350,-9999
09/17/2023 00:25,TOTAL EAST,23314,2408.24,6150,-9999
09/17/2023 00:25,UPNY CONED,23315,2400.56,5905,-9999
09/17/2023 00:25,WEST CENTRAL,23312,-517.18,9999,-9999
09/17/2023 00:30,CENTRAL EAST - VC,23330,877.29,1390,-9999
09/17/2023 00:30,DYSINGER EAST,23326,-101.87,3200,-9999
09/17/2023 00:30,MOSES SOUTH,23319,104.3,3000,-1600
09/17/2023 00:30,SCH - HQ - NY,23324,-316,1500,-425
09/17/2023 00:30,SCH - HQ_CEDARS,325274,0,200,0
09/17/2023 00:30,SCH - HQ_IMPORT_EXPORT,325376,-316,1310,-9999
09/17/2023 00:30,SCH - NE - NY,23318,-32.9,1400,-1600
09/17/2023 00:30,SCH - NPX_1385,325277,114,200,-200
09/17/2023 00:30,SCH - NPX_CSC,325154,0,0,0
09/17/2023 00:30,SCH - OH - NY,23317,-66.72,1750,-1200
09/17/2023 00:30,SCH - PJ - NY,23316,1673.13,2200,-1200
09/17/2023 00:30,SCH - PJM_HTP,325905,350,660,-660
09/17/2023 00:30,SCH - PJM_NEPTUNE,325305,660,660,-660
09/17/2023 00:30,SCH - PJM_VFT,325658,315,315,-315
09/17/2023 00:30,SPR/DUN-SOUTH,23320,1128.07,4350,-9999
09/17/2023 00:30,TOTAL EAST,23314,2435.12,6150,-9999
09/17/2023 00:30,UPNY CONED,23315,2379.01,5905,-9999
09/17/2023 00:30,WEST CENTRAL,23312,-359.32,9999,-9999
09/17/2023 00:35,CENTRAL EAST - VC,23330,905.4,1390,-9999
09/17/2023 00:35,DYSINGER EAST,23326,-72.9,3200,-9999
09/17/2023 00:35,MOSES SOUTH,23319,95.22,3000,-1600
09/17/2023 00:35,SCH - HQ - NY,23324,-316,1500,-425
09/17/2023 00:35,SCH - HQ_CEDARS,325274,0,200,0
09/17/2023 00:35,SCH - HQ_IMPORT_EXPORT,325376,-316,1310,-9999
09/17/2023 00:35,SCH - NE - NY,23318,-106.8,1400,-1600
09/17/2023 00:35,SCH - NPX_1385,325277,114,200,-200
09/17/2023 00:35,SCH - NPX_CSC,325154,0,0,0
09/17/2023 00:35,SCH - OH - NY,23317,-66.98,1750,-1200
09/17/2023 00:35,SCH - PJ - NY,23316,1673.55,2200,-1200
09/17/2023 00:35,SCH - PJM_HTP,325905,350,660,-660
09/17/2023 00:35,SCH - PJM_NEPTUNE,325305,660,660,-660
09/17/2023 00:35,SCH - PJM_VFT,325658,315,315,-315
09/17/2023 00:35,SPR/DUN-SOUTH,23320,1130.84,4350,-9999
09/17/2023 00:35,TOTAL EAST,23314,2444.88,6150,-9999
09/17/2023 00:35,UPNY CONED,23315,2352.94,5905,-9999
09/17/2023 00:35,WEST CENTRAL,23312,-323.71,9999,-9999
09/17/2023 00:40,CENTRAL EAST - VC,23330,856.32,1390,-9999
09/17/2023 00:40,DYSINGER EAST,23326,-140.43,3200,-9999
09/17/2023 00:40,MOSES SOUTH,23319,99.09,3000,-1600
09/17/2023 00:40,SCH - HQ - NY,23324,-316,1500,-425
09/17/2023 00:40,SCH - HQ_CEDARS,325274,0,200,0
09/17/2023 00:40,SCH - HQ_IMPORT_EXPORT,325376,-316,1310,-9999
09/17/2023 00:40,SCH - NE - NY,23318,-106.84,1400,-1600
09/17/2023 00:40,SCH - NPX_1385,325277,114,200,-200
09/17/2023 00:40,SCH - NPX_CSC,325154,0,0,0
09/17/2023 00:40,SCH - OH - NY,23317,-66.71,1750,-1200
09/17/2023 00:40,SCH - PJ - NY,23316,1675.01,2200,-1200
09/17/2023 00:40,SCH - PJM_HTP,325905,350,660,-660
09/17/2023 00:40,SCH - PJM_NEPTUNE,325305,660,660,-660
09/17/2023 00:40,SCH - PJM_VFT,325658,315,315,-315
09/17/2023 00:40,SPR/DUN-SOUTH,23320,1110.66,4350,-9999
09/17/2023 00:40,TOTAL EAST,23314,2398.81,6150,-9999
09/17/2023 00:40,UPNY CONED,23315,2322.77,5905,-9999
09/17/2023 00:40,WEST CENTRAL,23312,-390.65,9999,-9999
09/17/2023 00:45,CENTRAL EAST - VC,23330,857.75,1390,-9999
09/17/2023 00:45,DYSINGER EAST,23326,-179.59,3200,-9999
09/17/2023 00:45,MOSES SOUTH,23319,102.01,3000,-1600
09/17/2023 00:45,SCH - HQ - NY,23324,-316,1500,-425
09/17/2023 00:45,SCH - HQ_CEDARS,325274,0,200,0
09/17/2023 00:45,SCH - HQ_IMPORT_EXPORT,325376,-316,1310,-9999
09/17/2023 00:45,SCH - NE - NY,23318,-85.87,1400,-1600
09/17/2023 00:45,SCH - NPX_1385,325277,114,200,-200
09/17/2023 00:45,SCH - NPX_CSC,325154,0,0,0
09/17/2023 00:45,SCH - OH - NY,23317,-66.52,1750,-1200
09/17/2023 00:45,SCH - PJ - NY,23316,1672.94,2200,-1200
09/17/2023 00:45,SCH - PJM_HTP,325905,350,660,-660
09/17/2023 00:45,SCH - PJM_NEPTUNE,325305,660,660,-660
09/17/2023 00:45,SCH - PJM_VFT,325658,315,315,-315
09/17/2023 00:45,SPR/DUN-SOUTH,23320,1137.18,4350,-9999
09/17/2023 00:45,TOTAL EAST,23314,2397.92,6150,-9999
09/17/2023 00:45,UPNY CONED,23315,2368.71,5905,-9999
09/17/2023 00:45,WEST CENTRAL,23312,-428.31,9999,-9999
09/17/2023 00:50,CENTRAL EAST - VC,23330,872.96,1390,-9999
09/17/2023 00:50,DYSINGER EAST,23326,-179.39,3200,-9999
09/17/2023 00:50,MOSES SOUTH,23319,96.73,3000,-1600
09/17/2023 00:50,SCH - HQ - NY,23324,-316,1500,-425
09/17/2023 00:50,SCH - HQ_CEDARS,325274,0,200,0
09/17/2023 00:50,SCH - HQ_IMPORT_EXPORT,325376,-316,1310,-9999
09/17/2023 00:50,SCH - NE - NY,23318,-64.86,1400,-1600
09/17/2023 00:50,SCH - NPX_1385,325277,114,200,-200
09/17/2023 00:50,SCH - NPX_CSC,325154,0,0,0
09/17/2023 00:50,SCH - OH - NY,23317,-66.37,1750,-1200
09/17/2023 00:50,SCH - PJ - NY,23316,1673.84,2200,-1200
09/17/2023 00:50,SCH - PJM_HTP,325905,350,660,-660
09/17/2023 00:50,SCH - PJM_NEPTUNE,325305,660,660,-660
09/17/2023 00:50,SCH - PJM_VFT,325658,315,315,-315
09/17/2023 00:50,SPR/DUN-SOUTH,23320,1167.34,4350,-9999
09/17/2023 00:50,TOTAL EAST,23314,2407.63,6150,-9999
09/17/2023 00:50,UPNY CONED,23315,2413.36,5905,-9999
09/17/2023 00:50,WEST CENTRAL,23312,-423.74,9999,-9999
09/17/2023 00:55,CENTRAL EAST - VC,23330,838.11,1390,-9999
09/17/2023 00:55,DYSINGER EAST,23326,-154.33,3200,-9999
09/17/2023 00:55,MOSES SOUTH,23319,109.49,3000,-1600
09/17/2023 00:55,SCH - HQ - NY,23324,-316,1500,-425
09/17/2023 00:55,SCH - HQ_CEDARS,325274,0,200,0
09/17/2023 00:55,SCH - HQ_IMPORT_EXPORT,325376,-316,1310,-9999
09/17/2023 00:55,SCH - NE - NY,23318,-69.73,1400,-1600
09/17/2023 00:55,SCH - NPX_1385,325277,114,200,-200
09/17/2023 00:55,SCH - NPX_CSC,325154,0,0,0
09/17/2023 00:55,SCH - OH - NY,23317,-66.9,1750,-1200
09/17/2023 00:55,SCH - PJ - NY,23316,1680.18,2200,-1200
09/17/2023 00:55,SCH - PJM_HTP,325905,350,660,-660
09/17/2023 00:55,SCH - PJM_NEPTUNE,325305,660,660,-660
09/17/2023 00:55,SCH - PJM_VFT,325658,315,315,-315
09/17/2023 00:55,SPR/DUN-SOUTH,23320,1153.06,4350,-9999
09/17/2023 00:55,TOTAL EAST,23314,2413.41,6150,-9999
09/17/2023 00:55,UPNY CONED,23315,2382.12,5905,-9999
09/17/2023 00:55,WEST CENTRAL,23312,-394.61,9999,-9999
09/17/2023 01:00,CENTRAL EAST - VC,23330,965.93,1390,-9999
09/17/2023 01:00,DYSINGER EAST,23326,-33.89,3200,-9999
09/17/2023 01:00,MOSES SOUTH,23319,107.25,3000,-1600
09/17/2023 01:00,SCH - HQ - NY,23324,-316,1500,-425
09/17/2023 01:00,SCH - HQ_CEDARS,325274,0,200,0
09/17/2023 01:00,SCH - HQ_IMPORT_EXPORT,325376,-316,1310,-9999
09/17/2023 01:00,SCH - NE - NY,23318,-55.92,1400,-1600
09/17/2023 01:00,SCH - NPX_1385,325277,101,200,-200
09/17/2023 01:00,SCH - NPX_CSC,325154,0,0,0
09/17/2023 01:00,SCH - OH - NY,23317,41.5,1750,-1200
09/17/2023 01:00,SCH - PJ - NY,23316,1629.03,2200,-1200
09/17/2023 01:00,SCH - PJM_HTP,325905,425,660,-660
09/17/2023 01:00,SCH - PJM_NEPTUNE,325305,660,660,-660
09/17/2023 01:00,SCH - PJM_VFT,325658,315,315,-315
09/17/2023 01:00,SPR/DUN-SOUTH,23320,949.62,4350,-9999
09/17/2023 01:00,TOTAL EAST,23314,2584.84,6150,-9999
09/17/2023 01:00,UPNY CONED,23315,2156.88,5905,-9999
09/17/2023 01:00,WEST CENTRAL,23312,-269.76,9999,-9999
09/17/2023 01:05,CENTRAL EAST - VC,23330,953.29,1390,-9999
09/17/2023 01:05,DYSINGER EAST,23326,64.49,3200,-9999
09/17/2023 01:05,MOSES SOUTH,23319,100.38,3000,-1600
09/17/2023 01:05,SCH - HQ - NY,23324,-316,1500,-425
09/17/2023 01:05,SCH - HQ_CEDARS,325274,0,200,0
09/17/2023 01:05,SCH - HQ_IMPORT_EXPORT,325376,-316,1310,-9999
09/17/2023 01:05,SCH - NE - NY,23318,-42.83,1400,-1600
09/17/2023 01:05,SCH - NPX_1385,325277,89,200,-200
09/17/2023 01:05,SCH - NPX_CSC,325154,0,0,0
09/17/2023 01:05,SCH - OH - NY,23317,148.98,1750,-1200
09/17/2023 01:05,SCH - PJ - NY,23316,1585.76,2200,-1200
09/17/2023 01:05,SCH - PJM_HTP,325905,500,660,-660
09/17/2023 01:05,SCH - PJM_NEPTUNE,325305,660,660,-660
09/17/2023 01:05,SCH - PJM_VFT,325658,315,315,-315
09/17/2023 01:05,SPR/DUN-SOUTH,23320,966.23,4350,-9999
09/17/2023 01:05,TOTAL EAST,23314,2619.12,6150,-9999
09/17/2023 01:05,UPNY CONED,23315,2194.16,5905,-9999
09/17/2023 01:05,WEST CENTRAL,23312,-167.42,9999,-9999
09/17/2023 01:10,CENTRAL EAST - VC,23330,946.79,1390,-9999
09/17/2023 01:10,DYSINGER EAST,23326,5.13,3200,-9999
09/17/2023 01:10,MOSES SOUTH,23319,154.66,3000,-1600
09/17/2023 01:10,SCH - HQ - NY,23324,-316,1500,-425
09/17/2023 01:10,SCH - HQ_CEDARS,325274,0,200,0
09/17/2023 01:10,SCH - HQ_IMPORT_EXPORT,325376,-316,1310,-9999
09/17/2023 01:10,SCH - NE - NY,23318,-38.86,1400,-1600
09/17/2023 01:10,SCH - NPX_1385,325277,89,200,-200
09/17/2023 01:10,SCH - NPX_CSC,325154,0,0,0
09/17/2023 01:10,SCH - OH - NY,23317,149.9,1750,-1200
09/17/2023 01:10,SCH - PJ - NY,23316,1579.78,2200,-1200
09/17/2023 01:10,SCH - PJM_HTP,325905,500,660,-660
09/17/2023 01:10,SCH - PJM_NEPTUNE,325305,660,660,-660
09/17/2023 01:10,SCH - PJM_VFT,325658,315,315,-315
09/17/2023 01:10,SPR/DUN-SOUTH,23320,953.29,4350,-9999
09/17/2023 01:10,TOTAL EAST,23314,2597.75,6150,-9999
09/17/2023 01:10,UPNY CONED,23315,2187.66,5905,-9999
09/17/2023 01:10,WEST CENTRAL,23312,-226.46,9999,-9999
09/17/2023 01:15,CENTRAL EAST - VC,23330,1007.35,1390,-9999
09/17/2023 01:15,DYSINGER EAST,23326,-126.39,3200,-9999
09/17/2023 01:15,MOSES SOUTH,23319,232.25,3000,-1600
09/17/2023 01:15,SCH - HQ - NY,23324,-316,1500,-425
09/17/2023 01:15,SCH - HQ_CEDARS,325274,0,200,0
09/17/2023 01:15,SCH - HQ_IMPORT_EXPORT,325376,-316,1310,-9999
09/17/2023 01:15,SCH - NE - NY,23318,-38.8,1400,-1600
09/17/2023 01:15,SCH - NPX_1385,325277,89,200,-200
09/17/2023 01:15,SCH - NPX_CSC,325154,0,0,0
09/17/2023 01:15,SCH - OH - NY,23317,152.37,1750,-1200
09/17/2023 01:15,SCH - PJ - NY,23316,1524.31,2200,-1200
09/17/2023 01:15,SCH - PJM_HTP,325905,500,660,-660
09/17/2023 01:15,SCH - PJM_NEPTUNE,325305,660,660,-660
09/17/2023 01:15,SCH - PJM_VFT,325658,315,315,-315
09/17/2023 01:15,SPR/DUN-SOUTH,23320,939.29,4350,-9999
09/17/2023 01:15,TOTAL EAST,23314,2542.04,6150,-9999
09/17/2023 01:15,UPNY CONED,23315,2171.46,5905,-9999
09/17/2023 01:15,WEST CENTRAL,23312,-358.41,9999,-9999
09/17/2023 01:20,CENTRAL EAST - VC,23330,979.27,1390,-9999
09/17/2023 01:20,DYSINGER EAST,23326,-115.31,3200,-9999
09/17/2023 01:20,MOSES SOUTH,23319,219.92,3000,-1600
09/17/2023 01:20,SCH - HQ - NY,23324,-316,1500,-425
09/17/2023 01:20,SCH - HQ_CEDARS,325274,0,200,0
09/17/2023 01:20,SCH - HQ_IMPORT_EXPORT,325376,-316,1310,-9999
09/17/2023 01:20,SCH - NE - NY,23318,-38.81,1400,-1600
09/17/2023 01:20,SCH - NPX_1385,325277,89,200,-200
09/17/2023 01:20,SCH - NPX_CSC,325154,0,0,0
09/17/2023 01:20,SCH - OH - NY,23317,152.31,1750,-1200
09/17/2023 01:20,SCH - PJ - NY,23316,1473.17,2200,-1200
09/17/2023 01:20,SCH - PJM_HTP,325905,500,660,-660
09/17/2023 01:20,SCH - PJM_NEPTUNE,325305,660,660,-660
09/17/2023 01:20,SCH - PJM_VFT,325658,315,315,-315
09/17/2023 01:20,SPR/DUN-SOUTH,23320,910.99,4350,-9999
09/17/2023 01:20,TOTAL EAST,23314,2482.2,6150,-9999
09/17/2023 01:20,UPNY CONED,23315,2125.31,5905,-9999
09/17/2023 01:20,WEST CENTRAL,23312,-347.29,9999,-9999
09/17/2023 01:25,CENTRAL EAST - VC,23330,958.98,1390,-9999
09/17/2023 01:25,DYSINGER EAST,23326,-138.35,3200,-9999
09/17/2023 01:25,MOSES SOUTH,23319,220.42,3000,-1600
09/17/2023 01:25,SCH - HQ - NY,23324,-316,1500,-425
09/17/2023 01:25,SCH - HQ_CEDARS,325274,0,200,0
09/17/2023 01:25,SCH - HQ_IMPORT_EXPORT,325376,-316,1310,-9999
09/17/2023 01:25,SCH - NE - NY,23318,-38.79,1400,-1600
09/17/2023 01:25,SCH - NPX_1385,325277,89,200,-200
09/17/2023 01:25,SCH - NPX_CSC,325154,0,0,0
09/17/2023 01:25,SCH - OH - NY,23317,152.7,1750,-1200
09/17/2023 01:25,SCH - PJ - NY,23316,1471.55,2200,-1200
09/17/2023 01:25,SCH - PJM_HTP,325905,500,660,-660
09/17/2023 01:25,SCH - PJM_NEPTUNE,325305,660,660,-660
09/17/2023 01:25,SCH - PJM_VFT,325658,315,315,-315
09/17/2023 01:25,SPR/DUN-SOUTH,23320,929.11,4350,-9999
09/17/2023 01:25,TOTAL EAST,23314,2472.78,6150,-9999
09/17/2023 01:25,UPNY CONED,23315,2136.39,5905,-9999
09/17/2023 01:25,WEST CENTRAL,23312,-367.67,9999,-9999
09/17/2023 01:30,CENTRAL EAST - VC,23330,922.46,1390,-9999
09/17/2023 01:30,DYSINGER EAST,23326,-157.71,3200,-9999
09/17/2023 01:30,MOSES SOUTH,23319,205.23,3000,-1600
09/17/2023 01:30,SCH - HQ - NY,23324,-316,1500,-425
09/17/2023 01:30,SCH - HQ_CEDARS,325274,0,200,0
09/17/2023 01:30,SCH - HQ_IMPORT_EXPORT,325376,-316,1310,-9999
09/17/2023 01:30,SCH - NE - NY,23318,-38.82,1400,-1600
09/17/2023 01:30,SCH - NPX_1385,325277,89,200,-200
09/17/2023 01:30,SCH - NPX_CSC,325154,0,0,0
09/17/2023 01:30,SCH - OH - NY,23317,153.12,1750,-1200
09/17/2023 01:30,SCH - PJ - NY,23316,1425.18,2200,-1200
09/17/2023 01:30,SCH - PJM_HTP,325905,500,660,-660
09/17/2023 01:30,SCH - PJM_NEPTUNE,325305,660,660,-660
09/17/2023 01:30,SCH - PJM_VFT,325658,315,315,-315
09/17/2023 01:30,SPR/DUN-SOUTH,23320,920.51,4350,-9999
09/17/2023 01:30,TOTAL EAST,23314,2441.46,6150,-9999
09/17/2023 01:30,UPNY CONED,23315,2107.83,5905,-9999
09/17/2023 01:30,WEST CENTRAL,23312,-386.52,9999,-9999
09/17/2023 01:35,CENTRAL EAST - VC,23330,917.03,1390,-9999
09/17/2023 01:35,DYSINGER EAST,23326,-166.96,3200,-9999
09/17/2023 01:35,MOSES SOUTH,23319,200.44,3000,-1600
09/17/2023 01:35,SCH - HQ - NY,23324,-316,1500,-425
09/17/2023 01:35,SCH - HQ_CEDARS,325274,0,200,0
09/17/2023 01:35,SCH - HQ_IMPORT_EXPORT,325376,-316,1310,-9999
09/17/2023 01:35,SCH - NE - NY,23318,-38.82,1400,-1600
09/17/2023 01:35,SCH - NPX_1385,325277,89,200,-200
09/17/2023 01:35,SCH - NPX_CSC,325154,0,0,0
09/17/2023 01:35,SCH - OH - NY,23317,153.18,1750,-1200
09/17/2023 01:35,SCH - PJ - NY,23316,1379.13,2200,-1200
09/17/2023 01:35,SCH - PJM_HTP,325905,500,660,-660
09/17/2023 01:35,SCH - PJM_NEPTUNE,325305,660,660,-660
09/17/2023 01:35,SCH - PJM_VFT,325658,315,315,-315
09/17/2023 01:35,SPR/DUN-SOUTH,23320,893.68,4350,-9999
09/17/2023 01:35,TOTAL EAST,23314,2399.7,6150,-9999
09/17/2023 01:35,UPNY CONED,23315,2073.61,5905,-9999
09/17/2023 01:35,WEST CENTRAL,23312,-393.97,9999,-9999
09/17/2023 01:40,CENTRAL EAST - VC,23330,878.84,1390,-9999
09/17/2023 01:40,DYSINGER EAST,23326,-162.95,3200,-9999
09/17/2023 01:40,MOSES SOUTH,23319,215.58,3000,-1600
09/17/2023 01:40,SCH - HQ - NY,23324,-316,1500,-425
09/17/2023 01:40,SCH - HQ_CEDARS,325274,0,200,0
09/17/2023 01:40,SCH - HQ_IMPORT_EXPORT,325376,-316,1310,-9999
09/17/2023 01:40,SCH - NE - NY,23318,-38.86,1400,-1600
09/17/2023 01:40,SCH - NPX_1385,325277,89,200,-200
09/17/2023 01:40,SCH - NPX_CSC,325154,0,0,0
09/17/2023 01:40,SCH - OH - NY,23317,152.55,1750,-1200
09/17/2023 01:40,SCH - PJ - NY,23316,1377.67,2200,-1200
09/17/2023 01:40,SCH - PJM_HTP,325905,500,660,-660
09/17/2023 01:40,SCH - PJM_NEPTUNE,325305,660,660,-660
09/17/2023 01:40,SCH - PJM_VFT,325658,315,315,-315
09/17/2023 01:40,SPR/DUN-SOUTH,23320,903.15,4350,-9999
09/17/2023 01:40,TOTAL EAST,23314,2401.04,6150,-9999
09/17/2023 01:40,UPNY CONED,23315,2065.52,5905,-9999
09/17/2023 01:40,WEST CENTRAL,23312,-386.24,9999,-9999
09/17/2023 01:45,CENTRAL EAST - VC,23330,903.48,1390,-9999
09/17/2023 01:45,DYSINGER EAST,23326,-164.96,3200,-9999
09/17/2023 01:45,MOSES SOUTH,23319,205.75,3000,-1600
09/17/2023 01:45,SCH - HQ - NY,23324,-316,1500,-425
09/17/2023 01:45,SCH - HQ_CEDARS,325274,0,200,0
09/17/2023 01:45,SCH - HQ_IMPORT_EXPORT,325376,-316,1310,-9999
09/17/2023 01:45,SCH - NE - NY,23318,-38.84,1400,-1600
09/17/2023 01:45,SCH - NPX_1385,325277,89,200,-200
09/17/2023 01:45,SCH - NPX_CSC,325154,0,0,0
09/17/2023 01:45,SCH - OH - NY,23317,153.19,1750,-1200
09/17/2023 01:45,SCH - PJ - NY,23316,1379.1,2200,-1200
09/17/2023 01:45,SCH - PJM_HTP,325905,500,660,-660
09/17/2023 01:45,SCH - PJM_NEPTUNE,325305,660,660,-660
09/17/2023 01:45,SCH - PJM_VFT,325658,315,315,-315
09/17/2023 01:45,SPR/DUN-SOUTH,23320,923.78,4350,-9999
09/17/2023 01:45,TOTAL EAST,23314,2410.55,6150,-9999
09/17/2023 01:45,UPNY CONED,23315,2090.43,5905,-9999
09/17/2023 01:45,WEST CENTRAL,23312,-384.91,9999,-9999
09/17/2023 01:50,CENTRAL EAST - VC,23330,891.3,1390,-9999
09/17/2023 01:50,DYSINGER EAST,23326,-189.37,3200,-9999
09/17/2023 01:50,MOSES SOUTH,23319,164.48,3000,-1600
09/17/2023 01:50,SCH - HQ - NY,23324,-316,1500,-425
09/17/2023 01:50,SCH - HQ_CEDARS,325274,0,200,0
09/17/2023 01:50,SCH - HQ_IMPORT_EXPORT,325376,-316,1310,-9999
09/17/2023 01:50,SCH - NE - NY,23318,-38.79,1400,-1600
09/17/2023 01:50,SCH - NPX_1385,325277,89,200,-200
09/17/2023 01:50,SCH - NPX_CSC,325154,0,0,0
09/17/2023 01:50,SCH - OH - NY,23317,154.49,1750,-1200
09/17/2023 01:50,SCH - PJ - NY,23316,1375.85,2200,-1200
09/17/2023 01:50,SCH - PJM_HTP,325905,500,660,-660
09/17/2023 01:50,SCH - PJM_NEPTUNE,325305,660,660,-660
09/17/2023 01:50,SCH - PJM_VFT,325658,315,315,-315
09/17/2023 01:50,SPR/DUN-SOUTH,23320,933.66,4350,-9999
09/17/2023 01:50,TOTAL EAST,23314,2399.78,6150,-9999
09/17/2023 01:50,UPNY CONED,23315,2083.81,5905,-9999
09/17/2023 01:50,WEST CENTRAL,23312,-407.41,9999,-9999
09/17/2023 01:55,CENTRAL EAST - VC,23330,909.93,1360,-9999
09/17/2023 01:55,DYSINGER EAST,23326,-145.57,3200,-9999
09/17/2023 01:55,MOSES SOUTH,23319,168.96,3000,-1600
09/17/2023 01:55,SCH - HQ - NY,23324,-316,1500,-425
09/17/2023 01:55,SCH - HQ_CEDARS,325274,0,200,0
09/17/2023 01:55,SCH - HQ_IMPORT_EXPORT,325376,-316,1310,-9999
09/17/2023 01:55,SCH - NE - NY,23318,-38.78,1400,-1600
09/17/2023 01:55,SCH - NPX_1385,325277,89,200,-200
09/17/2023 01:55,SCH - NPX_CSC,325154,0,0,0
09/17/2023 01:55,SCH - OH - NY,23317,153.04,1750,-1200
09/17/2023 01:55,SCH - PJ - NY,23316,1378.24,2200,-1200
09/17/2023 01:55,SCH - PJM_HTP,325905,500,660,-660
09/17/2023 01:55,SCH - PJM_NEPTUNE,325305,660,660,-660
09/17/2023 01:55,SCH - PJM_VFT,325658,315,315,-315
09/17/2023 01:55,SPR/DUN-SOUTH,23320,950.27,4350,-9999
09/17/2023 01:55,TOTAL EAST,23314,2396.6,6150,-9999
09/17/2023 01:55,UPNY CONED,23315,2095.45,5905,-9999
09/17/2023 01:55,WEST CENTRAL,23312,-362.76,9999,-9999
09/17/2023 02:00,CENTRAL EAST - VC,23330,885.34,1360,-9999
09/17/2023 02:00,DYSINGER EAST,23326,-190.03,3200,-9999
09/17/2023 02:00,MOSES SOUTH,23319,196.42,3000,-1600
09/17/2023 02:00,SCH - HQ - NY,23324,-316,1500,-425
09/17/2023 02:00,SCH - HQ_CEDARS,325274,0,200,0
09/17/2023 02:00,SCH - HQ_IMPORT_EXPORT,325376,-316,1310,-9999
09/17/2023 02:00,SCH - NE - NY,23318,40.12,1400,-1600
09/17/2023 02:00,SCH - NPX_1385,325277,101,200,-200
09/17/2023 02:00,SCH - NPX_CSC,325154,0,0,0
09/17/2023 02:00,SCH - OH - NY,23317,209.38,1750,-1200
09/17/2023 02:00,SCH - PJ - NY,23316,1339.07,2200,-1200
09/17/2023 02:00,SCH - PJM_HTP,325905,483,660,-660
09/17/2023 02:00,SCH - PJM_NEPTUNE,325305,660,660,-660
09/17/2023 02:00,SCH - PJM_VFT,325658,315,315,-315
09/17/2023 02:00,SPR/DUN-SOUTH,23320,1122.57,4350,-9999
09/17/2023 02:00,TOTAL EAST,23314,2369.82,6150,-9999
09/17/2023 02:00,UPNY CONED,23315,2242.59,5905,-9999
09/17/2023 02:00,WEST CENTRAL,23312,-407.97,9999,-9999
09/17/2023 02:05,CENTRAL EAST - VC,23330,844.44,1360,-9999
09/17/2023 02:05,DYSINGER EAST,23326,-192.62,3200,-9999
09/17/2023 02:05,MOSES SOUTH,23319,167.48,3000,-1600
09/17/2023 02:05,SCH - HQ - NY,23324,-316,1500,-425
09/17/2023 02:05,SCH - HQ_CEDARS,325274,0,200,0
09/17/2023 02:05,SCH - HQ_IMPORT_EXPORT,325376,-316,1310,-9999
09/17/2023 02:05,SCH - NE - NY,23318,115.93,1400,-1600
09/17/2023 02:05,SCH - NPX_1385,325277,114,200,-200
09/17/2023 02:05,SCH - NPX_CSC,325154,0,0,0
09/17/2023 02:05,SCH - OH - NY,23317,263.88,1750,-1200
09/17/2023 02:05,SCH - PJ - NY,23316,1303.85,2200,-1200
09/17/2023 02:05,SCH - PJM_HTP,325905,466,660,-660
09/17/2023 02:05,SCH - PJM_NEPTUNE,325305,660,660,-660
09/17/2023 02:05,SCH - PJM_VFT,325658,315,315,-315
09/17/2023 02:05,SPR/DUN-SOUTH,23320,1132.24,4350,-9999
09/17/2023 02:05,TOTAL EAST,23314,2307.21,6150,-9999
09/17/2023 02:05,UPNY CONED,23315,2239.18,5905,-9999
09/17/2023 02:05,WEST CENTRAL,23312,-408.78,9999,-9999
09/17/2023 02:10,CENTRAL EAST - VC,23330,859.51,1360,-9999
09/17/2023 02:10,DYSINGER EAST,23326,-244.16,3200,-9999
09/17/2023 02:10,MOSES SOUTH,23319,209.17,3000,-1600
09/17/2023 02:10,SCH - HQ - NY,23324,-316,1500,-425
09/17/2023 02:10,SCH - HQ_CEDARS,325274,0,200,0
09/17/2023 02:10,SCH - HQ_IMPORT_EXPORT,325376,-316,1310,-9999
09/17/2023 02:10,SCH - NE - NY,23318,115.58,1400,-1600
09/17/2023 02:10,SCH - NPX_1385,325277,114,200,-200
09/17/2023 02:10,SCH - NPX_CSC,325154,0,0,0
09/17/2023 02:10,SCH - OH - NY,23317,264.85,1750,-1200
09/17/2023 02:10,SCH - PJ - NY,23316,1301.31,2200,-1200
09/17/2023 02:10,SCH - PJM_HTP,325905,466,660,-660
09/17/2023 02:10,SCH - PJM_NEPTUNE,325305,660,660,-660
09/17/2023 02:10,SCH - PJM_VFT,325658,315,315,-315
09/17/2023 02:10,SPR/DUN-SOUTH,23320,1156,4350,-9999
09/17/2023 02:10,TOTAL EAST,23314,2317,6150,-9999
09/17/2023 02:10,UPNY CONED,23315,2247.07,5905,-9999
09/17/2023 02:10,WEST CENTRAL,23312,-458.06,9999,-9999
09/17/2023 02:15,CENTRAL EAST - VC,23330,838.95,1360,-9999
09/17/2023 02:15,DYSINGER EAST,23326,-184.41,3200,-9999
09/17/2023 02:15,MOSES SOUTH,23319,162.56,3000,-1600
09/17/2023 02:15,SCH - HQ - NY,23324,-316,1500,-425
09/17/2023 02:15,SCH - HQ_CEDARS,325274,0,200,0
09/17/2023 02:15,SCH - HQ_IMPORT_EXPORT,325376,-316,1310,-9999
09/17/2023 02:15,SCH - NE - NY,23318,115.39,1400,-1600
09/17/2023 02:15,SCH - NPX_1385,325277,114,200,-200
09/17/2023 02:15,SCH - NPX_CSC,325154,0,0,0
09/17/2023 02:15,SCH - OH - NY,23317,263.37,1750,-1200
09/17/2023 02:15,SCH - PJ - NY,23316,1303.91,2200,-1200
09/17/2023 02:15,SCH - PJM_HTP,325905,466,660,-660
09/17/2023 02:15,SCH - PJM_NEPTUNE,325305,660,660,-660
09/17/2023 02:15,SCH - PJM_VFT,325658,315,315,-315
09/17/2023 02:15,SPR/DUN-SOUTH,23320,1144.37,4350,-9999
09/17/2023 02:15,TOTAL EAST,23314,2307.8,6150,-9999
09/17/2023 02:15,UPNY CONED,23315,2230.31,5905,-9999
09/17/2023 02:15,WEST CENTRAL,23312,-395.25,9999,-9999
09/17/2023 02:20,CENTRAL EAST - VC,23330,846.57,1360,-9999
09/17/2023 02:20,DYSINGER EAST,23326,-172.56,3200,-9999
09/17/2023 02:20,MOSES SOUTH,23319,145.11,3000,-1600
09/17/2023 02:20,SCH - HQ - NY,23324,-316,1500,-425
09/17/2023 02:20,SCH - HQ_CEDARS,325274,0,200,0
09/17/2023 02:20,SCH - HQ_IMPORT_EXPORT,325376,-316,1310,-9999
09/17/2023 02:20,SCH - NE - NY,23318,114.31,1400,-1600
09/17/2023 02:20,SCH - NPX_1385,325277,114,200,-200
09/17/2023 02:20,SCH - NPX_CSC,325154,0,0,0
09/17/2023 02:20,SCH - OH - NY,23317,263.07,1750,-1200
09/17/2023 02:20,SCH - PJ - NY,23316,1304.32,2200,-1200
09/17/2023 02:20,SCH - PJM_HTP,325905,466,660,-660
09/17/2023 02:20,SCH - PJM_NEPTUNE,325305,660,660,-660
09/17/2023 02:20,SCH - PJM_VFT,325658,315,315,-315
09/17/2023 02:20,SPR/DUN-SOUTH,23320,1148.62,4350,-9999
09/17/2023 02:20,TOTAL EAST,23314,2310.7,6150,-9999
09/17/2023 02:20,UPNY CONED,23315,2226.4,5905,-9999
09/17/2023 02:20,WEST CENTRAL,23312,-379.03,9999,-9999
09/17/2023 02:25,CENTRAL EAST - VC,23330,856.73,1360,-9999
09/17/2023 02:25,DYSINGER EAST,23326,-189.28,3200,-9999
09/17/2023 02:25,MOSES SOUTH,23319,152.95,3000,-1600
09/17/2023 02:25,SCH - HQ - NY,23324,-316,1500,-425
09/17/2023 02:25,SCH - HQ_CEDARS,325274,0,200,0
09/17/2023 02:25,SCH - HQ_IMPORT_EXPORT,325376,-316,1310,-9999
09/17/2023 02:25,SCH - NE - NY,23318,114.87,1400,-1600
09/17/2023 02:25,SCH - NPX_1385,325277,114,200,-200
09/17/2023 02:25,SCH - NPX_CSC,325154,0,0,0
09/17/2023 02:25,SCH - OH - NY,23317,263.46,1750,-1200
09/17/2023 02:25,SCH - PJ - NY,23316,1306.37,2200,-1200
09/17/2023 02:25,SCH - PJM_HTP,325905,466,660,-660
09/17/2023 02:25,SCH - PJM_NEPTUNE,325305,660,660,-660
09/17/2023 02:25,SCH - PJM_VFT,325658,315,315,-315
09/17/2023 02:25,SPR/DUN-SOUTH,23320,1161.46,4350,-9999
09/17/2023 02:25,TOTAL EAST,23314,2315.61,6150,-9999
09/17/2023 02:25,UPNY CONED,23315,2241.84,5905,-9999
09/17/2023 02:25,WEST CENTRAL,23312,-395.03,9999,-9999
09/17/2023 02:30,CENTRAL EAST - VC,23330,846.25,1360,-9999
09/17/2023 02:30,DYSINGER EAST,23326,-218.08,3200,-9999
09/17/2023 02:30,MOSES SOUTH,23319,152.55,3000,-1600
09/17/2023 02:30,SCH - HQ - NY,23324,-316,1500,-425
09/17/2023 02:30,SCH - HQ_CEDARS,325274,0,200,0
09/17/2023 02:30,SCH - HQ_IMPORT_EXPORT,325376,-316,1310,-9999
09/17/2023 02:30,SCH - NE - NY,23318,115.27,1400,-1600
09/17/2023 02:30,SCH - NPX_1385,325277,114,200,-200
09/17/2023 02:30,SCH - NPX_CSC,325154,0,0,0
09/17/2023 02:30,SCH - OH - NY,23317,264.28,1750,-1200
09/17/2023 02:30,SCH - PJ - NY,23316,1285.14,2200,-1200
09/17/2023 02:30,SCH - PJM_HTP,325905,466,660,-660
09/17/2023 02:30,SCH - PJM_NEPTUNE,325305,660,660,-660
09/17/2023 02:30,SCH - PJM_VFT,325658,315,315,-315
09/17/2023 02:30,SPR/DUN-SOUTH,23320,1155.78,4350,-9999
09/17/2023 02:30,TOTAL EAST,23314,2319.6,6150,-9999
09/17/2023 02:30,UPNY CONED,23315,2234.09,5905,-9999
09/17/2023 02:30,WEST CENTRAL,23312,-424.48,9999,-9999
09/17/2023 02:35,CENTRAL EAST - VC,23330,838.58,1360,-9999
09/17/2023 02:35,DYSINGER EAST,23326,-232.98,3200,-9999
09/17/2023 02:35,MOSES SOUTH,23319,144.77,3000,-1600
09/17/2023 02:35,SCH - HQ - NY,23324,-316,1500,-425
09/17/2023 02:35,SCH - HQ_CEDARS,325274,0,200,0
09/17/2023 02:35,SCH - HQ_IMPORT_EXPORT,325376,-316,1310,-9999
09/17/2023 02:35,SCH - NE - NY,23318,114.38,1400,-1600
09/17/2023 02:35,SCH - NPX_1385,325277,114,200,-200
09/17/2023 02:35,SCH - NPX_CSC,325154,0,0,0
09/17/2023 02:35,SCH - OH - NY,23317,264.71,1750,-1200
09/17/2023 02:35,SCH - PJ - NY,23316,1270.66,2200,-1200
09/17/2023 02:35,SCH - PJM_HTP,325905,466,660,-660
09/17/2023 02:35,SCH - PJM_NEPTUNE,325305,660,660,-660
09/17/2023 02:35,SCH - PJM_VFT,325658,315,315,-315
09/17/2023 02:35,SPR/DUN-SOUTH,23320,1146.91,4350,-9999
09/17/2023 02:35,TOTAL EAST,23314,2300.31,6150,-9999
09/17/2023 02:35,UPNY CONED,23315,2213.45,5905,-9999
09/17/2023 02:35,WEST CENTRAL,23312,-438.59,9999,-9999
09/17/2023 02:40,CENTRAL EAST - VC,23330,833.32,1360,-9999
09/17/2023 02:40,DYSINGER EAST,23326,-204.52,3200,-9999
09/17/2023 02:40,MOSES SOUTH,23319,142.18,3000,-1600
09/17/2023 02:40,SCH - HQ - NY,23324,-316,1500,-425
09/17/2023 02:40,SCH - HQ_CEDARS,325274,0,200,0
09/17/2023 02:40,SCH - HQ_IMPORT_EXPORT,325376,-316,1310,-9999
09/17/2023 02:40,SCH - NE - NY,23318,114.66,1400,-1600
09/17/2023 02:40,SCH - NPX_1385,325277,114,200,-200
09/17/2023 02:40,SCH - NPX_CSC,325154,0,0,0
09/17/2023 02:40,SCH - OH - NY,23317,263.78,1750,-1200
09/17/2023 02:40,SCH - PJ - NY,23316,1269.21,2200,-1200
09/17/2023 02:40,SCH - PJM_HTP,325905,466,660,-660
09/17/2023 02:40,SCH - PJM_NEPTUNE,325305,660,660,-660
09/17/2023 02:40,SCH - PJM_VFT,325658,315,315,-315
09/17/2023 02:40,SPR/DUN-SOUTH,23320,1140.11,4350,-9999
09/17/2023 02:40,TOTAL EAST,23314,2291.55,6150,-9999
09/17/2023 02:40,UPNY CONED,23315,2197.3,5905,-9999
09/17/2023 02:40,WEST CENTRAL,23312,-408.8,9999,-9999
09/17/2023 02:45,CENTRAL EAST - VC,23330,820.36,1360,-9999
09/17/2023 02:45,DYSINGER EAST,23326,-240.35,3200,-9999
09/17/2023 02:45,MOSES SOUTH,23319,149.63,3000,-1600
09/17/2023 02:45,SCH - HQ - NY,23324,-316,1500,-425
09/17/2023 02:45,SCH - HQ_CEDARS,325274,0,200,0
09/17/2023 02:45,SCH - HQ_IMPORT_EXPORT,325376,-316,1310,-9999
09/17/2023 02:45,SCH - NE - NY,23318,114.76,1400,-1600
09/17/2023 02:45,SCH - NPX_1385,325277,114,200,-200
09/17/2023 02:45,SCH - NPX_CSC,325154,0,0,0
09/17/2023 02:45,SCH - OH - NY,23317,264.67,1750,-1200
09/17/2023 02:45,SCH - PJ - NY,23316,1249.26,2200,-1200
09/17/2023 02:45,SCH - PJM_HTP,325905,466,660,-660
09/17/2023 02:45,SCH - PJM_NEPTUNE,325305,660,660,-660
09/17/2023 02:45,SCH - PJM_VFT,325658,315,315,-315
09/17/2023 02:45,SPR/DUN-SOUTH,23320,1138.96,4350,-9999
09/17/2023 02:45,TOTAL EAST,23314,2277.36,6150,-9999
09/17/2023 02:45,UPNY CONED,23315,2184.82,5905,-9999
09/17/2023 02:45,WEST CENTRAL,23312,-444.44,9999,-9999
09/17/2023 02:50,CENTRAL EAST - VC,23330,830.14,1360,-9999
09/17/2023 02:50,DYSINGER EAST,23326,-209.12,3200,-9999
09/17/2023 02:50,MOSES SOUTH,23319,135.15,3000,-1600
09/17/2023 02:50,SCH - HQ - NY,23324,-316,1500,-425
09/17/2023 02:50,SCH - HQ_CEDARS,325274,0,200,0
09/17/2023 02:50,SCH - HQ_IMPORT_EXPORT,325376,-316,1310,-9999
09/17/2023 02:50,SCH - NE - NY,23318,114.61,1400,-1600
09/17/2023 02:50,SCH - NPX_1385,325277,114,200,-200
09/17/2023 02:50,SCH - NPX_CSC,325154,0,0,0
09/17/2023 02:50,SCH - OH - NY,23317,263.78,1750,-1200
09/17/2023 02:50,SCH - PJ - NY,23316,1230.24,2200,-1200
09/17/2023 02:50,SCH - PJM_HTP,325905,466,660,-660
09/17/2023 02:50,SCH - PJM_NEPTUNE,325305,660,660,-660
09/17/2023 02:50,SCH - PJM_VFT,325658,315,315,-315
09/17/2023 02:50,SPR/DUN-SOUTH,23320,1127.33,4350,-9999
09/17/2023 02:50,TOTAL EAST,23314,2267.88,6150,-9999
09/17/2023 02:50,UPNY CONED,23315,2166.98,5905,-9999
09/17/2023 02:50,WEST CENTRAL,23312,-411.54,9999,-9999
09/17/2023 02:55,CENTRAL EAST - VC,23330,835.33,1360,-9999
09/17/2023 02:55,DYSINGER EAST,23326,-221.2,3200,-9999
09/17/2023 02:55,MOSES SOUTH,23319,178.51,3000,-1600
09/17/2023 02:55,SCH - HQ - NY,23324,-316,1500,-425
09/17/2023 02:55,SCH - HQ_CEDARS,325274,0,200,0
09/17/2023 02:55,SCH - HQ_IMPORT_EXPORT,325376,-316,1310,-9999
09/17/2023 02:55,SCH - NE - NY,23318,114.64,1400,-1600
09/17/2023 02:55,SCH - NPX_1385,325277,114,200,-200
09/17/2023 02:55,SCH - NPX_CSC,325154,0,0,0
09/17/2023 02:55,SCH - OH - NY,23317,263.59,1750,-1200
09/17/2023 02:55,SCH - PJ - NY,23316,1230.3,2200,-1200
09/17/2023 02:55,SCH - PJM_HTP,325905,466,660,-660
09/17/2023 02:55,SCH - PJM_NEPTUNE,325305,660,660,-660
09/17/2023 02:55,SCH - PJM_VFT,325658,315,315,-315
09/17/2023 02:55,SPR/DUN-SOUTH,23320,1132.08,4350,-9999
09/17/2023 02:55,TOTAL EAST,23314,2266.39,6150,-9999
09/17/2023 02:55,UPNY CONED,23315,2157.3,5905,-9999
09/17/2023 02:55,WEST CENTRAL,23312,-422.07,9999,-9999
09/17/2023 03:00,CENTRAL EAST - VC,23330,876.55,1360,-9999
09/17/2023 03:00,DYSINGER EAST,23326,-217.27,3200,-9999
09/17/2023 03:00,MOSES SOUTH,23319,139.01,3000,-1600
09/17/2023 03:00,SCH - HQ - NY,23324,-316,1500,-425
09/17/2023 03:00,SCH - HQ_CEDARS,325274,0,200,0
09/17/2023 03:00,SCH - HQ_IMPORT_EXPORT,325376,-316,1310,-9999
09/17/2023 03:00,SCH - NE - NY,23318,109.21,1400,-1600
09/17/2023 03:00,SCH - NPX_1385,325277,77,200,-200
09/17/2023 03:00,SCH - NPX_CSC,325154,0,0,0
09/17/2023 03:00,SCH - OH - NY,23317,334.98,1750,-1200
09/17/2023 03:00,SCH - PJ - NY,23316,1193.61,2200,-1200
09/17/2023 03:00,SCH - PJM_HTP,325905,408,660,-660
09/17/2023 03:00,SCH - PJM_NEPTUNE,325305,660,660,-660
09/17/2023 03:00,SCH - PJM_VFT,325658,315,315,-315
09/17/2023 03:00,SPR/DUN-SOUTH,23320,1185.21,4350,-9999
09/17/2023 03:00,TOTAL EAST,23314,2306.73,6150,-9999
09/17/2023 03:00,UPNY CONED,23315,2244.28,5905,-9999
09/17/2023 03:00,WEST CENTRAL,23312,-418.25,9999,-9999
09/17/2023 03:05,CENTRAL EAST - VC,23330,895.53,1360,-9999
09/17/2023 03:05,DYSINGER EAST,23326,-114.15,3200,-9999
09/17/2023 03:05,MOSES SOUTH,23319,119.34,3000,-1600
09/17/2023 03:05,SCH - HQ - NY,23324,-316,1500,-425
09/17/2023 03:05,SCH - HQ_CEDARS,325274,0,200,0
09/17/2023 03:05,SCH - HQ_IMPORT_EXPORT,325376,-316,1310,-9999
09/17/2023 03:05,SCH - NE - NY,23318,100.12,1400,-1600
09/17/2023 03:05,SCH - NPX_1385,325277,40,200,-200
09/17/2023 03:05,SCH - NPX_CSC,325154,0,0,0
09/17/2023 03:05,SCH - OH - NY,23317,409.99,1750,-1200
09/17/2023 03:05,SCH - PJ - NY,23316,1157.99,2200,-1200
09/17/2023 03:05,SCH - PJM_HTP,325905,350,660,-660
09/17/2023 03:05,SCH - PJM_NEPTUNE,325305,660,660,-660
09/17/2023 03:05,SCH - PJM_VFT,325658,315,315,-315
09/17/2023 03:05,SPR/DUN-SOUTH,23320,1193.44,4350,-9999
09/17/2023 03:05,TOTAL EAST,23314,2344.4,6150,-9999
09/17/2023 03:05,UPNY CONED,23315,2281.15,5905,-9999
09/17/2023 03:05,WEST CENTRAL,23312,-312.34,9999,-9999
09/17/2023 03:10,CENTRAL EAST - VC,23330,932.88,1360,-9999
09/17/2023 03:10,DYSINGER EAST,23326,-23.67,3200,-9999
09/17/2023 03:10,MOSES SOUTH,23319,142.05,3000,-1600
09/17/2023 03:10,SCH - HQ - NY,23324,-316,1500,-425
09/17/2023 03:10,SCH - HQ_CEDARS,325274,0,200,0
09/17/2023 03:10,SCH - HQ_IMPORT_EXPORT,325376,-316,1310,-9999
09/17/2023 03:10,SCH - NE - NY,23318,100.17,1400,-1600
09/17/2023 03:10,SCH - NPX_1385,325277,40,200,-200
09/17/2023 03:10,SCH - NPX_CSC,325154,0,0,0
09/17/2023 03:10,SCH - OH - NY,23317,412.58,1750,-1200
09/17/2023 03:10,SCH - PJ - NY,23316,1156.87,2200,-1200
09/17/2023 03:10,SCH - PJM_HTP,325905,350,660,-660
09/17/2023 03:10,SCH - PJM_NEPTUNE,325305,660,660,-660
09/17/2023 03:10,SCH - PJM_VFT,325658,315,315,-315
09/17/2023 03:10,SPR/DUN-SOUTH,23320,1203.63,4350,-9999
09/17/2023 03:10,TOTAL EAST,23314,2348.1,6150,-9999
09/17/2023 03:10,UPNY CONED,23315,2290.93,5905,-9999
09/17/2023 03:10,WEST CENTRAL,23312,-221.78,9999,-9999
09/17/2023 03:15,CENTRAL EAST - VC,23330,928.48,1360,-9999
09/17/2023 03:15,DYSINGER EAST,23326,-69.82,3200,-9999
09/17/2023 03:15,MOSES SOUTH,23319,127.08,3000,-1600
09/17/2023 03:15,SCH - HQ - NY,23324,-316,1500,-425
09/17/2023 03:15,SCH - HQ_CEDARS,325274,0,200,0
09/17/2023 03:15,SCH - HQ_IMPORT_EXPORT,325376,-316,1310,-9999
09/17/2023 03:15,SCH - NE - NY,23318,85.2,1400,-1600
09/17/2023 03:15,SCH - NPX_1385,325277,40,200,-200
09/17/2023 03:15,SCH - NPX_CSC,325154,0,0,0
09/17/2023 03:15,SCH - OH - NY,23317,413.17,1750,-1200
09/17/2023 03:15,SCH - PJ - NY,23316,1157.13,2200,-1200
09/17/2023 03:15,SCH - PJM_HTP,325905,350,660,-660
09/17/2023 03:15,SCH - PJM_NEPTUNE,325305,660,660,-660
09/17/2023 03:15,SCH - PJM_VFT,325658,315,315,-315
09/17/2023 03:15,SPR/DUN-SOUTH,23320,1207.74,4350,-9999
09/17/2023 03:15,TOTAL EAST,23314,2359.3,6150,-9999
09/17/2023 03:15,UPNY CONED,23315,2280.58,5905,-9999
09/17/2023 03:15,WEST CENTRAL,23312,-267.44,9999,-9999
09/17/2023 03:20,CENTRAL EAST - VC,23330,963.07,1360,-9999
09/17/2023 03:20,DYSINGER EAST,23326,-10.6,3200,-9999
09/17/2023 03:20,MOSES SOUTH,23319,135.21,3000,-1600
09/17/2023 03:20,SCH - HQ - NY,23324,-316,1500,-425
09/17/2023 03:20,SCH - HQ_CEDARS,325274,0,200,0
09/17/2023 03:20,SCH - HQ_IMPORT_EXPORT,325376,-316,1310,-9999
09/17/2023 03:20,SCH - NE - NY,23318,70.27,1400,-1600
09/17/2023 03:20,SCH - NPX_1385,325277,40,200,-200
09/17/2023 03:20,SCH - NPX_CSC,325154,0,0,0
09/17/2023 03:20,SCH - OH - NY,23317,411.65,1750,-1200
09/17/2023 03:20,SCH - PJ - NY,23316,1157.74,2200,-1200
09/17/2023 03:20,SCH - PJM_HTP,325905,350,660,-660
09/17/2023 03:20,SCH - PJM_NEPTUNE,325305,660,660,-660
09/17/2023 03:20,SCH - PJM_VFT,325658,315,315,-315
09/17/2023 03:20,SPR/DUN-SOUTH,23320,1218.74,4350,-9999
09/17/2023 03:20,TOTAL EAST,23314,2355.78,6150,-9999
09/17/2023 03:20,UPNY CONED,23315,2286.53,5905,-9999
09/17/2023 03:20,WEST CENTRAL,23312,-206.35,9999,-9999
09/17/2023 03:25,CENTRAL EAST - VC,23330,945.46,1360,-9999
09/17/2023 03:25,DYSINGER EAST,23326,-43.4,3200,-9999
09/17/2023 03:25,MOSES SOUTH,23319,132.93,3000,-1600
09/17/2023 03:25,SCH - HQ - NY,23324,-316,1500,-425
09/17/2023 03:25,SCH - HQ_CEDARS,325274,0,200,0
09/17/2023 03:25,SCH - HQ_IMPORT_EXPORT,325376,-316,1310,-9999
09/17/2023 03:25,SCH - NE - NY,23318,70.2,1400,-1600
09/17/2023 03:25,SCH - NPX_1385,325277,40,200,-200
09/17/2023 03:25,SCH - NPX_CSC,325154,0,0,0
09/17/2023 03:25,SCH - OH - NY,23317,412.26,1750,-1200
09/17/2023 03:25,SCH - PJ - NY,23316,1158.08,2200,-1200
09/17/2023 03:25,SCH - PJM_HTP,325905,350,660,-660
09/17/2023 03:25,SCH - PJM_NEPTUNE,325305,660,660,-660
09/17/2023 03:25,SCH - PJM_VFT,325658,315,315,-315
09/17/2023 03:25,SPR/DUN-SOUTH,23320,1200.5,4350,-9999
09/17/2023 03:25,TOTAL EAST,23314,2360.07,6150,-9999
09/17/2023 03:25,UPNY CONED,23315,2268.21,5905,-9999
09/17/2023 03:25,WEST CENTRAL,23312,-236.65,9999,-9999
09/17/2023 03:30,CENTRAL EAST - VC,23330,939.52,1360,-9999
09/17/2023 03:30,DYSINGER EAST,23326,-42.59,3200,-9999
09/17/2023 03:30,MOSES SOUTH,23319,125.54,3000,-1600
09/17/2023 03:30,SCH - HQ - NY,23324,-316,1500,-425
09/17/2023 03:30,SCH - HQ_CEDARS,325274,0,200,0
09/17/2023 03:30,SCH - HQ_IMPORT_EXPORT,325376,-316,1310,-9999
09/17/2023 03:30,SCH - NE - NY,23318,26.2,1400,-1600
09/17/2023 03:30,SCH - NPX_1385,325277,40,200,-200
09/17/2023 03:30,SCH - NPX_CSC,325154,0,0,0
09/17/2023 03:30,SCH - OH - NY,23317,412.54,1750,-1200
09/17/2023 03:30,SCH - PJ - NY,23316,1159.49,2200,-1200
09/17/2023 03:30,SCH - PJM_HTP,325905,350,660,-660
09/17/2023 03:30,SCH - PJM_NEPTUNE,325305,660,660,-660
09/17/2023 03:30,SCH - PJM_VFT,325658,315,315,-315
09/17/2023 03:30,SPR/DUN-SOUTH,23320,1175.15,4350,-9999
09/17/2023 03:30,TOTAL EAST,23314,2373.38,6150,-9999
09/17/2023 03:30,UPNY CONED,23315,2252.98,5905,-9999
09/17/2023 03:30,WEST CENTRAL,23312,-235.87,9999,-9999
09/17/2023 03:35,CENTRAL EAST - VC,23330,950.97,1360,-9999
09/17/2023 03:35,DYSINGER EAST,23326,-73.7,3200,-9999
09/17/2023 03:35,MOSES SOUTH,23319,131.24,3000,-1600
09/17/2023 03:35,SCH - HQ - NY,23324,-316,1500,-425
09/17/2023 03:35,SCH - HQ_CEDARS,325274,0,200,0
09/17/2023 03:35,SCH - HQ_IMPORT_EXPORT,325376,-316,1310,-9999
09/17/2023 03:35,SCH - NE - NY,23318,-16.66,1400,-1600
09/17/2023 03:35,SCH - NPX_1385,325277,40,200,-200
09/17/2023 03:35,SCH - NPX_CSC,325154,0,0,0
09/17/2023 03:35,SCH - OH - NY,23317,413.1,1750,-1200
09/17/2023 03:35,SCH - PJ - NY,23316,1158.51,2200,-1200
09/17/2023 03:35,SCH - PJM_HTP,325905,350,660,-660
09/17/2023 03:35,SCH - PJM_NEPTUNE,325305,660,660,-660
09/17/2023 03:35,SCH - PJM_VFT,325658,315,315,-315
09/17/2023 03:35,SPR/DUN-SOUTH,23320,1157.5,4350,-9999
09/17/2023 03:35,TOTAL EAST,23314,2385.07,6150,-9999
09/17/2023 03:35,UPNY CONED,23315,2220.76,5905,-9999
09/17/2023 03:35,WEST CENTRAL,23312,-266.29,9999,-9999
09/17/2023 03:40,CENTRAL EAST - VC,23330,953.92,1360,-9999
09/17/2023 03:40,DYSINGER EAST,23326,-14.2,3200,-9999
09/17/2023 03:40,MOSES SOUTH,23319,149.44,3000,-1600
09/17/2023 03:40,SCH - HQ - NY,23324,-316,1500,-425
09/17/2023 03:40,SCH - HQ_CEDARS,325274,0,200,0
09/17/2023 03:40,SCH - HQ_IMPORT_EXPORT,325376,-316,1310,-9999
09/17/2023 03:40,SCH - NE - NY,23318,-16.74,1400,-1600
09/17/2023 03:40,SCH - NPX_1385,325277,40,200,-200
09/17/2023 03:40,SCH - NPX_CSC,325154,0,0,0
09/17/2023 03:40,SCH - OH - NY,23317,411.54,1750,-1200
09/17/2023 03:40,SCH - PJ - NY,23316,1160.16,2200,-1200
09/17/2023 03:40,SCH - PJM_HTP,325905,350,660,-660
09/17/2023 03:40,SCH - PJM_NEPTUNE,325305,660,660,-660
09/17/2023 03:40,SCH - PJM_VFT,325658,315,315,-315
09/17/2023 03:40,SPR/DUN-SOUTH,23320,1157.85,4350,-9999
09/17/2023 03:40,TOTAL EAST,23314,2388.3,6150,-9999
09/17/2023 03:40,UPNY CONED,23315,2224.26,5905,-9999
09/17/2023 03:40,WEST CENTRAL,23312,-206.27,9999,-9999
09/17/2023 03:45,CENTRAL EAST - VC,23330,936.77,1360,-9999
09/17/2023 03:45,DYSINGER EAST,23326,-67.08,3200,-9999
09/17/2023 03:45,MOSES SOUTH,23319,132.59,3000,-1600
09/17/2023 03:45,SCH - HQ - NY,23324,-316,1500,-425
09/17/2023 03:45,SCH - HQ_CEDARS,325274,0,200,0
09/17/2023 03:45,SCH - HQ_IMPORT_EXPORT,325376,-316,1310,-9999
09/17/2023 03:45,SCH - NE - NY,23318,-14.82,1400,-1600
09/17/2023 03:45,SCH - NPX_1385,325277,40,200,-200
09/17/2023 03:45,SCH - NPX_CSC,325154,0,0,0
09/17/2023 03:45,SCH - OH - NY,23317,413.01,1750,-1200
09/17/2023 03:45,SCH - PJ - NY,23316,1157.4,2200,-1200
09/17/2023 03:45,SCH - PJM_HTP,325905,350,660,-660
09/17/2023 03:45,SCH - PJM_NEPTUNE,325305,660,660,-660
09/17/2023 03:45,SCH - PJM_VFT,325658,315,315,-315
09/17/2023 03:45,SPR/DUN-SOUTH,23320,1143.98,4350,-9999
09/17/2023 03:45,TOTAL EAST,23314,2397.12,6150,-9999
09/17/2023 03:45,UPNY CONED,23315,2192.95,5905,-9999
09/17/2023 03:45,WEST CENTRAL,23312,-258.82,9999,-9999
09/17/2023 03:50,CENTRAL EAST - VC,23330,959.5,1360,-9999
09/17/2023 03:50,DYSINGER EAST,23326,-68.41,3200,-9999
09/17/2023 03:50,MOSES SOUTH,23319,125.95,3000,-1600
09/17/2023 03:50,SCH - HQ - NY,23324,-316,1500,-425
09/17/2023 03:50,SCH - HQ_CEDARS,325274,0,200,0
09/17/2023 03:50,SCH - HQ_IMPORT_EXPORT,325376,-316,1310,-9999
09/17/2023 03:50,SCH - NE - NY,23318,-12.82,1400,-1600
09/17/2023 03:50,SCH - NPX_1385,325277,40,200,-200
09/17/2023 03:50,SCH - NPX_CSC,325154,0,0,0
09/17/2023 03:50,SCH - OH - NY,23317,413.18,1750,-1200
09/17/2023 03:50,SCH - PJ - NY,23316,1158.01,2200,-1200
09/17/2023 03:50,SCH - PJM_HTP,325905,350,660,-660
09/17/2023 03:50,SCH - PJM_NEPTUNE,325305,660,660,-660
09/17/2023 03:50,SCH - PJM_VFT,325658,315,315,-315
09/17/2023 03:50,SPR/DUN-SOUTH,23320,1150.38,4350,-9999
09/17/2023 03:50,TOTAL EAST,23314,2405.45,6150,-9999
09/17/2023 03:50,UPNY CONED,23315,2206.71,5905,-9999
09/17/2023 03:50,WEST CENTRAL,23312,-258.94,9999,-9999
09/17/2023 03:55,CENTRAL EAST - VC,23330,939.65,1360,-9999
09/17/2023 03:55,DYSINGER EAST,23326,-83.03,3200,-9999
09/17/2023 03:55,MOSES SOUTH,23319,146.37,3000,-1600
09/17/2023 03:55,SCH - HQ - NY,23324,-316,1500,-425
09/17/2023 03:55,SCH - HQ_CEDARS,325274,0,200,0
09/17/2023 03:55,SCH - HQ_IMPORT_EXPORT,325376,-316,1310,-9999
09/17/2023 03:55,SCH - NE - NY,23318,-12.83,1400,-1600
09/17/2023 03:55,SCH - NPX_1385,325277,40,200,-200
09/17/2023 03:55,SCH - NPX_CSC,325154,0,0,0
09/17/2023 03:55,SCH - OH - NY,23317,412.95,1750,-1200
09/17/2023 03:55,SCH - PJ - NY,23316,1156.16,2200,-1200
09/17/2023 03:55,SCH - PJM_HTP,325905,350,660,-660
09/17/2023 03:55,SCH - PJM_NEPTUNE,325305,660,660,-660
09/17/2023 03:55,SCH - PJM_VFT,325658,315,315,-315
09/17/2023 03:55,SPR/DUN-SOUTH,23320,1136.13,4350,-9999
09/17/2023 03:55,TOTAL EAST,23314,2414.07,6150,-9999
09/17/2023 03:55,UPNY CONED,23315,2180.99,5905,-9999
09/17/2023 03:55,WEST CENTRAL,23312,-275.11,9999,-9999
09/17/2023 04:00,CENTRAL EAST - VC,23330,964.7,1360,-9999
09/17/2023 04:00,DYSINGER EAST,23326,-48.69,3200,-9999
09/17/2023 04:00,MOSES SOUTH,23319,127.48,3000,-1600
09/17/2023 04:00,SCH - HQ - NY,23324,-316,1500,-425
09/17/2023 04:00,SCH - HQ_CEDARS,325274,0,200,0
09/17/2023 04:00,SCH - HQ_IMPORT_EXPORT,325376,-316,1310,-9999
09/17/2023 04:00,SCH - NE - NY,23318,85.15,1400,-1600
09/17/2023 04:00,SCH - NPX_1385,325277,40,200,-200
09/17/2023 04:00,SCH - NPX_CSC,325154,0,0,0
09/17/2023 04:00,SCH - OH - NY,23317,463.59,1750,-1200
09/17/2023 04:00,SCH - PJ - NY,23316,1107.52,2200,-1200
09/17/2023 04:00,SCH - PJM_HTP,325905,350,660,-660
09/17/2023 04:00,SCH - PJM_NEPTUNE,325305,660,660,-660
09/17/2023 04:00,SCH - PJM_VFT,325658,315,315,-315
09/17/2023 04:00,SPR/DUN-SOUTH,23320,1185.38,4350,-9999
09/17/2023 04:00,TOTAL EAST,23314,2432.95,6150,-9999
09/17/2023 04:00,UPNY CONED,23315,2242.11,5905,-9999
09/17/2023 04:00,WEST CENTRAL,23312,-241.11,9999,-9999
09/17/2023 04:05,CENTRAL EAST - VC,23330,972.02,1360,-9999
09/17/2023 04:05,DYSINGER EAST,23326,16.78,3200,-9999
09/17/2023 04:05,MOSES SOUTH,23319,135.18,3000,-1600
09/17/2023 04:05,SCH - HQ - NY,23324,-316,1500,-425
09/17/2023 04:05,SCH - HQ_CEDARS,325274,0,200,0
09/17/2023 04:05,SCH - HQ_IMPORT_EXPORT,325376,-316,1310,-9999
09/17/2023 04:05,SCH - NE - NY,23318,192.1,1400,-1600
09/17/2023 04:05,SCH - NPX_1385,325277,40,200,-200
09/17/2023 04:05,SCH - NPX_CSC,325154,0,0,0
09/17/2023 04:05,SCH - OH - NY,23317,512.65,1750,-1200
09/17/2023 04:05,SCH - PJ - NY,23316,1060.55,2200,-1200
09/17/2023 04:05,SCH - PJM_HTP,325905,350,660,-660
09/17/2023 04:05,SCH - PJM_NEPTUNE,325305,660,660,-660
09/17/2023 04:05,SCH - PJM_VFT,325658,315,315,-315
09/17/2023 04:05,SPR/DUN-SOUTH,23320,1183.89,4350,-9999
09/17/2023 04:05,TOTAL EAST,23314,2428.25,6150,-9999
09/17/2023 04:05,UPNY CONED,23315,2231.26,5905,-9999
09/17/2023 04:05,WEST CENTRAL,23312,-173.97,9999,-9999
09/17/2023 04:10,CENTRAL EAST - VC,23330,969,1360,-9999
09/17/2023 04:10,DYSINGER EAST,23326,-20.02,3200,-9999
09/17/2023 04:10,MOSES SOUTH,23319,163.39,3000,-1600
09/17/2023 04:10,SCH - HQ - NY,23324,-316,1500,-425
09/17/2023 04:10,SCH - HQ_CEDARS,325274,0,200,0
09/17/2023 04:10,SCH - HQ_IMPORT_EXPORT,325376,-316,1310,-9999
09/17/2023 04:10,SCH - NE - NY,23318,192.74,1400,-1600
09/17/2023 04:10,SCH - NPX_1385,325277,40,200,-200
09/17/2023 04:10,SCH - NPX_CSC,325154,0,0,0
09/17/2023 04:10,SCH - OH - NY,23317,513.11,1750,-1200
09/17/2023 04:10,SCH - PJ - NY,23316,1058.32,2200,-1200
09/17/2023 04:10,SCH - PJM_HTP,325905,350,660,-660
09/17/2023 04:10,SCH - PJM_NEPTUNE,325305,660,660,-660
09/17/2023 04:10,SCH - PJM_VFT,325658,315,315,-315
09/17/2023 04:10,SPR/DUN-SOUTH,23320,1178.96,4350,-9999
09/17/2023 04:10,TOTAL EAST,23314,2425.9,6150,-9999
09/17/2023 04:10,UPNY CONED,23315,2235.79,5905,-9999
09/17/2023 04:10,WEST CENTRAL,23312,-209.17,9999,-9999
09/17/2023 04:15,CENTRAL EAST - VC,23330,946.04,1360,-9999
09/17/2023 04:15,DYSINGER EAST,23326,-77.8,3200,-9999
09/17/2023 04:15,MOSES SOUTH,23319,152.4,3000,-1600
09/17/2023 04:15,SCH - HQ - NY,23324,-316,1500,-425
09/17/2023 04:15,SCH - HQ_CEDARS,325274,0,200,0
09/17/2023 04:15,SCH - HQ_IMPORT_EXPORT,325376,-316,1310,-9999
09/17/2023 04:15,SCH - NE - NY,23318,175.21,1400,-1600
09/17/2023 04:15,SCH - NPX_1385,325277,40,200,-200
09/17/2023 04:15,SCH - NPX_CSC,325154,0,0,0
09/17/2023 04:15,SCH - OH - NY,23317,514.75,1750,-1200
09/17/2023 04:15,SCH - PJ - NY,23316,1058.39,2200,-1200
09/17/2023 04:15,SCH - PJM_HTP,325905,350,660,-660
09/17/2023 04:15,SCH - PJM_NEPTUNE,325305,660,660,-660
09/17/2023 04:15,SCH - PJM_VFT,325658,315,315,-315
09/17/2023 04:15,SPR/DUN-SOUTH,23320,1159.23,4350,-9999
09/17/2023 04:15,TOTAL EAST,23314,2435.9,6150,-9999
09/17/2023 04:15,UPNY CONED,23315,2207.7,5905,-9999
09/17/2023 04:15,WEST CENTRAL,23312,-268.79,9999,-9999
09/17/2023 04:20,CENTRAL EAST - VC,23330,957.4,1360,-9999
09/17/2023 04:20,DYSINGER EAST,23326,-55.9,3200,-9999
09/17/2023 04:20,MOSES SOUTH,23319,135.22,3000,-1600
09/17/2023 04:20,SCH - HQ - NY,23324,-316,1500,-425
09/17/2023 04:20,SCH - HQ_CEDARS,325274,0,200,0
09/17/2023 04:20,SCH - HQ_IMPORT_EXPORT,325376,-316,1310,-9999
09/17/2023 04:20,SCH - NE - NY,23318,157.34,1400,-1600
09/17/2023 04:20,SCH - NPX_1385,325277,40,200,-200
09/17/2023 04:20,SCH - NPX_CSC,325154,0,0,0
09/17/2023 04:20,SCH - OH - NY,23317,514.9,1750,-1200
09/17/2023 04:20,SCH - PJ - NY,23316,1055.41,2200,-1200
09/17/2023 04:20,SCH - PJM_HTP,325905,350,660,-660
09/17/2023 04:20,SCH - PJM_NEPTUNE,325305,660,660,-660
09/17/2023 04:20,SCH - PJM_VFT,325658,315,315,-315
09/17/2023 04:20,SPR/DUN-SOUTH,23320,1159.16,4350,-9999
09/17/2023 04:20,TOTAL EAST,23314,2432.29,6150,-9999
09/17/2023 04:20,UPNY CONED,23315,2207.65,5905,-9999
09/17/2023 04:20,WEST CENTRAL,23312,-247.46,9999,-9999
09/17/2023 04:25,CENTRAL EAST - VC,23330,929.67,1360,-9999
09/17/2023 04:25,DYSINGER EAST,23326,-85.99,3200,-9999
09/17/2023 04:25,MOSES SOUTH,23319,137.84,3000,-1600
09/17/2023 04:25,SCH - HQ - NY,23324,-316,1500,-425
09/17/2023 04:25,SCH - HQ_CEDARS,325274,0,200,0
09/17/2023 04:25,SCH - HQ_IMPORT_EXPORT,325376,-316,1310,-9999
09/17/2023 04:25,SCH - NE - NY,23318,157.59,1400,-1600
09/17/2023 04:25,SCH - NPX_1385,325277,40,200,-200
09/17/2023 04:25,SCH - NPX_CSC,325154,0,0,0
09/17/2023 04:25,SCH - OH - NY,23317,510,1750,-1200
09/17/2023 04:25,SCH - PJ - NY,23316,1065.77,2200,-1200
09/17/2023 04:25,SCH - PJM_HTP,325905,350,660,-660
09/17/2023 04:25,SCH - PJM_NEPTUNE,325305,660,660,-660
09/17/2023 04:25,SCH - PJM_VFT,325658,315,315,-315
09/17/2023 04:25,SPR/DUN-SOUTH,23320,1138.25,4350,-9999
09/17/2023 04:25,TOTAL EAST,23314,2425.48,6150,-9999
09/17/2023 04:25,UPNY CONED,23315,2180.32,5905,-9999
09/17/2023 04:25,WEST CENTRAL,23312,-277.15,9999,-9999
09/17/2023 04:30,CENTRAL EAST - VC,23330,931.21,1360,-9999
09/17/2023 04:30,DYSINGER EAST,23326,-110.04,3200,-9999
09/17/2023 04:30,MOSES SOUTH,23319,142.2,3000,-1600
09/17/2023 04:30,SCH - HQ - NY,23324,-316,1500,-425
09/17/2023 04:30,SCH - HQ_CEDARS,325274,0,200,0
09/17/2023 04:30,SCH - HQ_IMPORT_EXPORT,325376,-316,1310,-9999
09/17/2023 04:30,SCH - NE - NY,23318,106.55,1400,-1600
09/17/2023 04:30,SCH - NPX_1385,325277,40,200,-200
09/17/2023 04:30,SCH - NPX_CSC,325154,0,0,0
09/17/2023 04:30,SCH - OH - NY,23317,509.99,1750,-1200
09/17/2023 04:30,SCH - PJ - NY,23316,1065.91,2200,-1200
09/17/2023 04:30,SCH - PJM_HTP,325905,350,660,-660
09/17/2023 04:30,SCH - PJM_NEPTUNE,325305,660,660,-660
09/17/2023 04:30,SCH - PJM_VFT,325658,315,315,-315
09/17/2023 04:30,SPR/DUN-SOUTH,23320,1144.45,4350,-9999
09/17/2023 04:30,TOTAL EAST,23314,2409.31,6150,-9999
09/17/2023 04:30,UPNY CONED,23315,2185.51,5905,-9999
09/17/2023 04:30,WEST CENTRAL,23312,-301.44,9999,-9999
09/17/2023 04:35,CENTRAL EAST - VC,23330,900.88,1360,-9999
09/17/2023 04:35,DYSINGER EAST,23326,-99.69,3200,-9999
09/17/2023 04:35,MOSES SOUTH,23319,139.51,3000,-1600
09/17/2023 04:35,SCH - HQ - NY,23324,-316,1500,-425
09/17/2023 04:35,SCH - HQ_CEDARS,325274,0,200,0
09/17/2023 04:35,SCH - HQ_IMPORT_EXPORT,325376,-316,1310,-9999
09/17/2023 04:35,SCH - NE - NY,23318,56.04,1400,-1600
09/17/2023 04:35,SCH - NPX_1385,325277,40,200,-200
09/17/2023 04:35,SCH - NPX_CSC,325154,0,0,0
09/17/2023 04:35,SCH - OH - NY,23317,510,1750,-1200
09/17/2023 04:35,SCH - PJ - NY,23316,1065.3,2200,-1200
09/17/2023 04:35,SCH - PJM_HTP,325905,350,660,-660
09/17/2023 04:35,SCH - PJM_NEPTUNE,325305,660,660,-660
09/17/2023 04:35,SCH - PJM_VFT,325658,315,315,-315
09/17/2023 04:35,SPR/DUN-SOUTH,23320,1136.25,4350,-9999
09/17/2023 04:35,TOTAL EAST,23314,2402.11,6150,-9999
09/17/2023 04:35,UPNY CONED,23315,2172.1,5905,-9999
09/17/2023 04:35,WEST CENTRAL,23312,-292.21,9999,-9999
09/17/2023 04:40,CENTRAL EAST - VC,23330,922.66,1360,-9999
09/17/2023 04:40,DYSINGER EAST,23326,-93.33,3200,-9999
09/17/2023 04:40,MOSES SOUTH,23319,135.84,3000,-1600
09/17/2023 04:40,SCH - HQ - NY,23324,-316,1500,-425
09/17/2023 04:40,SCH - HQ_CEDARS,325274,0,200,0
09/17/2023 04:40,SCH - HQ_IMPORT_EXPORT,325376,-316,1310,-9999
09/17/2023 04:40,SCH - NE - NY,23318,56.19,1400,-1600
09/17/2023 04:40,SCH - NPX_1385,325277,40,200,-200
09/17/2023 04:40,SCH - NPX_CSC,325154,0,0,0
09/17/2023 04:40,SCH - OH - NY,23317,510,1750,-1200
09/17/2023 04:40,SCH - PJ - NY,23316,1069.19,2200,-1200
09/17/2023 04:40,SCH - PJM_HTP,325905,350,660,-660
09/17/2023 04:40,SCH - PJM_NEPTUNE,325305,660,660,-660
09/17/2023 04:40,SCH - PJM_VFT,325658,315,315,-315
09/17/2023 04:40,SPR/DUN-SOUTH,23320,1131.27,4350,-9999
09/17/2023 04:40,TOTAL EAST,23314,2416.76,6150,-9999
09/17/2023 04:40,UPNY CONED,23315,2172.23,5905,-9999
09/17/2023 04:40,WEST CENTRAL,23312,-285.59,9999,-9999
09/17/2023 04:45,CENTRAL EAST - VC,23330,920.72,1360,-9999
09/17/2023 04:45,DYSINGER EAST,23326,-78.5,3200,-9999
09/17/2023 04:45,MOSES SOUTH,23319,122.03,3000,-1600
09/17/2023 04:45,SCH - HQ - NY,23324,-316,1500,-425
09/17/2023 04:45,SCH - HQ_CEDARS,325274,0,200,0
09/17/2023 04:45,SCH - HQ_IMPORT_EXPORT,325376,-316,1310,-9999
09/17/2023 04:45,SCH - NE - NY,23318,61.1,1400,-1600
09/17/2023 04:45,SCH - NPX_1385,325277,40,200,-200
09/17/2023 04:45,SCH - NPX_CSC,325154,0,0,0
09/17/2023 04:45,SCH - OH - NY,23317,509.99,1750,-1200
09/17/2023 04:45,SCH - PJ - NY,23316,1064.22,2200,-1200
09/17/2023 04:45,SCH - PJM_HTP,325905,350,660,-660
09/17/2023 04:45,SCH - PJM_NEPTUNE,325305,660,660,-660
09/17/2023 04:45,SCH - PJM_VFT,325658,315,315,-315
09/17/2023 04:45,SPR/DUN-SOUTH,23320,1142.18,4350,-9999
09/17/2023 04:45,TOTAL EAST,23314,2399.27,6150,-9999
09/17/2023 04:45,UPNY CONED,23315,2186.32,5905,-9999
09/17/2023 04:45,WEST CENTRAL,23312,-269.48,9999,-9999
09/17/2023 04:50,CENTRAL EAST - VC,23330,912.88,1360,-9999
09/17/2023 04:50,DYSINGER EAST,23326,-101.22,3200,-9999
09/17/2023 04:50,MOSES SOUTH,23319,125.78,3000,-1600
09/17/2023 04:50,SCH - HQ - NY,23324,-316,1500,-425
09/17/2023 04:50,SCH - HQ_CEDARS,325274,0,200,0
09/17/2023 04:50,SCH - HQ_IMPORT_EXPORT,325376,-316,1310,-9999
09/17/2023 04:50,SCH - NE - NY,23318,61.11,1400,-1600
09/17/2023 04:50,SCH - NPX_1385,325277,40,200,-200
09/17/2023 04:50,SCH - NPX_CSC,325154,0,0,0
09/17/2023 04:50,SCH - OH - NY,23317,509.98,1750,-1200
09/17/2023 04:50,SCH - PJ - NY,23316,1065.28,2200,-1200
09/17/2023 04:50,SCH - PJM_HTP,325905,350,660,-660
09/17/2023 04:50,SCH - PJM_NEPTUNE,325305,660,660,-660
09/17/2023 04:50,SCH - PJM_VFT,325658,315,315,-315
09/17/2023 04:50,SPR/DUN-SOUTH,23320,1137.13,4350,-9999
09/17/2023 04:50,TOTAL EAST,23314,2385.8,6150,-9999
09/17/2023 04:50,UPNY CONED,23315,2180.27,5905,-9999
09/17/2023 04:50,WEST CENTRAL,23312,-294.5,9999,-9999
09/17/2023 04:55,CENTRAL EAST - VC,23330,906.33,1360,-9999
09/17/2023 04:55,DYSINGER EAST,23326,-93.7,3200,-9999
09/17/2023 04:55,MOSES SOUTH,23319,119.41,3000,-1600
09/17/2023 04:55,SCH - HQ - NY,23324,-316,1500,-425
09/17/2023 04:55,SCH - HQ_CEDARS,325274,0,200,0
09/17/2023 04:55,SCH - HQ_IMPORT_EXPORT,325376,-316,1310,-9999
09/17/2023 04:55,SCH - NE - NY,23318,61.22,1400,-1600
09/17/2023 04:55,SCH - NPX_1385,325277,40,200,-200
09/17/2023 04:55,SCH - NPX_CSC,325154,0,0,0
09/17/2023 04:55,SCH - OH - NY,23317,510,1750,-1200
09/17/2023 04:55,SCH - PJ - NY,23316,1062.15,2200,-1200
09/17/2023 04:55,SCH - PJM_HTP,325905,350,660,-660
09/17/2023 04:55,SCH - PJM_NEPTUNE,325305,660,660,-660
09/17/2023 04:55,SCH - PJM_VFT,325658,315,315,-315
09/17/2023 04:55,SPR/DUN-SOUTH,23320,1128.46,4350,-9999
09/17/2023 04:55,TOTAL EAST,23314,2379.63,6150,-9999
09/17/2023 04:55,UPNY CONED,23315,2170.61,5905,-9999
09/17/2023 04:55,WEST CENTRAL,23312,-286.89,9999,-9999
09/17/2023 05:00,CENTRAL EAST - VC,23330,860.98,1360,-9999
09/17/2023 05:00,DYSINGER EAST,23326,-182.39,3200,-9999
09/17/2023 05:00,MOSES SOUTH,23319,134.57,3000,-1600
09/17/2023 05:00,SCH - HQ - NY,23324,-316,1500,-425
09/17/2023 05:00,SCH - HQ_CEDARS,325274,0,200,0
09/17/2023 05:00,SCH - HQ_IMPORT_EXPORT,325376,-316,1310,-9999
09/17/2023 05:00,SCH - NE - NY,23318,67.47,1400,-1600
09/17/2023 05:00,SCH - NPX_1385,325277,40,200,-200
09/17/2023 05:00,SCH - NPX_CSC,325154,0,0,0
09/17/2023 05:00,SCH - OH - NY,23317,364.37,1750,-1200
09/17/2023 05:00,SCH - PJ - NY,23316,1134.68,2200,-1200
09/17/2023 05:00,SCH - PJM_HTP,325905,425,660,-660
09/17/2023 05:00,SCH - PJM_NEPTUNE,325305,660,660,-660
09/17/2023 05:00,SCH - PJM_VFT,325658,315,315,-315
09/17/2023 05:00,SPR/DUN-SOUTH,23320,1043.21,4350,-9999
09/17/2023 05:00,TOTAL EAST,23314,2299.2,6150,-9999
09/17/2023 05:00,UPNY CONED,23315,2082.64,5905,-9999
09/17/2023 05:00,WEST CENTRAL,23312,-379.41,9999,-9999
09/17/2023 05:05,CENTRAL EAST - VC,23330,800.75,1360,-9999
09/17/2023 05:05,DYSINGER EAST,23326,-346.71,3200,-9999
09/17/2023 05:05,MOSES SOUTH,23319,116.99,3000,-1600
09/17/2023 05:05,SCH - HQ - NY,23324,-316,1500,-425
09/17/2023 05:05,SCH - HQ_CEDARS,325274,0,200,0
09/17/2023 05:05,SCH - HQ_IMPORT_EXPORT,325376,-316,1310,-9999
09/17/2023 05:05,SCH - NE - NY,23318,84.17,1400,-1600
09/17/2023 05:05,SCH - NPX_1385,325277,40,200,-200
09/17/2023 05:05,SCH - NPX_CSC,325154,0,0,0
09/17/2023 05:05,SCH - OH - NY,23317,210,1750,-1200
09/17/2023 05:05,SCH - PJ - NY,23316,1204.9,2200,-1200
09/17/2023 05:05,SCH - PJM_HTP,325905,500,660,-660
09/17/2023 05:05,SCH - PJM_NEPTUNE,325305,660,660,-660
09/17/2023 05:05,SCH - PJM_VFT,325658,315,315,-315
09/17/2023 05:05,SPR/DUN-SOUTH,23320,971.27,4350,-9999
09/17/2023 05:05,TOTAL EAST,23314,2193.26,6150,-9999
09/17/2023 05:05,UPNY CONED,23315,2023.59,5905,-9999
09/17/2023 05:05,WEST CENTRAL,23312,-547.21,9999,-9999
09/17/2023 05:10,CENTRAL EAST - VC,23330,807.06,1360,-9999
09/17/2023 05:10,DYSINGER EAST,23326,-320.23,3200,-9999
09/17/2023 05:10,MOSES SOUTH,23319,119.42,3000,-1600
09/17/2023 05:10,SCH - HQ - NY,23324,-316,1500,-425
09/17/2023 05:10,SCH - HQ_CEDARS,325274,0,200,0
09/17/2023 05:10,SCH - HQ_IMPORT_EXPORT,325376,-316,1310,-9999
09/17/2023 05:10,SCH - NE - NY,23318,84.12,1400,-1600
09/17/2023 05:10,SCH - NPX_1385,325277,40,200,-200
09/17/2023 05:10,SCH - NPX_CSC,325154,0,0,0
09/17/2023 05:10,SCH - OH - NY,23317,210.03,1750,-1200
09/17/2023 05:10,SCH - PJ - NY,23316,1203.86,2200,-1200
09/17/2023 05:10,SCH - PJM_HTP,325905,500,660,-660
09/17/2023 05:10,SCH - PJM_NEPTUNE,325305,660,660,-660
09/17/2023 05:10,SCH - PJM_VFT,325658,315,315,-315
09/17/2023 05:10,SPR/DUN-SOUTH,23320,1003.81,4350,-9999
09/17/2023 05:10,TOTAL EAST,23314,2176.52,6150,-9999
09/17/2023 05:10,UPNY CONED,23315,2046.17,5905,-9999
09/17/2023 05:10,WEST CENTRAL,23312,-518.86,9999,-9999
09/17/2023 05:15,CENTRAL EAST - VC,23330,811.25,1360,-9999
09/17/2023 05:15,DYSINGER EAST,23326,-289.22,3200,-9999
09/17/2023 05:15,MOSES SOUTH,23319,106.15,3000,-1600
09/17/2023 05:15,SCH - HQ - NY,23324,-316,1500,-425
09/17/2023 05:15,SCH - HQ_CEDARS,325274,0,200,0
09/17/2023 05:15,SCH - HQ_IMPORT_EXPORT,325376,-316,1310,-9999
09/17/2023 05:15,SCH - NE - NY,23318,100.04,1400,-1600
09/17/2023 05:15,SCH - NPX_1385,325277,40,200,-200
09/17/2023 05:15,SCH - NPX_CSC,325154,0,0,0
09/17/2023 05:15,SCH - OH - NY,23317,210.05,1750,-1200
09/17/2023 05:15,SCH - PJ - NY,23316,1208.98,2200,-1200
09/17/2023 05:15,SCH - PJM_HTP,325905,500,660,-660
09/17/2023 05:15,SCH - PJM_NEPTUNE,325305,660,660,-660
09/17/2023 05:15,SCH - PJM_VFT,325658,315,315,-315
09/17/2023 05:15,SPR/DUN-SOUTH,23320,1019.94,4350,-9999
09/17/2023 05:15,TOTAL EAST,23314,2178.19,6150,-9999
09/17/2023 05:15,UPNY CONED,23315,2067.63,5905,-9999
09/17/2023 05:15,WEST CENTRAL,23312,-484.12,9999,-9999
09/17/2023 05:20,CENTRAL EAST - VC,23330,836.33,1360,-9999
09/17/2023 05:20,DYSINGER EAST,23326,-266.55,3200,-9999
09/17/2023 05:20,MOSES SOUTH,23319,113.24,3000,-1600
09/17/2023 05:20,SCH - HQ - NY,23324,-316,1500,-425
09/17/2023 05:20,SCH - HQ_CEDARS,325274,0,200,0
09/17/2023 05:20,SCH - HQ_IMPORT_EXPORT,325376,-316,1310,-9999
09/17/2023 05:20,SCH - NE - NY,23318,122.28,1400,-1600
09/17/2023 05:20,SCH - NPX_1385,325277,40,200,-200
09/17/2023 05:20,SCH - NPX_CSC,325154,0,0,0
09/17/2023 05:20,SCH - OH - NY,23317,210.04,1750,-1200
09/17/2023 05:20,SCH - PJ - NY,23316,1210.76,2200,-1200
09/17/2023 05:20,SCH - PJM_HTP,325905,500,660,-660
09/17/2023 05:20,SCH - PJM_NEPTUNE,325305,660,660,-660
09/17/2023 05:20,SCH - PJM_VFT,325658,315,315,-315
09/17/2023 05:20,SPR/DUN-SOUTH,23320,1034.42,4350,-9999
09/17/2023 05:20,TOTAL EAST,23314,2180.98,6150,-9999
09/17/2023 05:20,UPNY CONED,23315,2081.77,5905,-9999
09/17/2023 05:20,WEST CENTRAL,23312,-463.92,9999,-9999
09/17/2023 05:25,CENTRAL EAST - VC,23330,832.8,1360,-9999
09/17/2023 05:25,DYSINGER EAST,23326,-230.24,3200,-9999
09/17/2023 05:25,MOSES SOUTH,23319,117.88,3000,-1600
09/17/2023 05:25,SCH - HQ - NY,23324,-316,1500,-425
09/17/2023 05:25,SCH - HQ_CEDARS,325274,0,200,0
09/17/2023 05:25,SCH - HQ_IMPORT_EXPORT,325376,-316,1310,-9999
09/17/2023 05:25,SCH - NE - NY,23318,123.07,1400,-1600
09/17/2023 05:25,SCH - NPX_1385,325277,40,200,-200
09/17/2023 05:25,SCH - NPX_CSC,325154,0,0,0
09/17/2023 05:25,SCH - OH - NY,23317,214.44,1750,-1200
09/17/2023 05:25,SCH - PJ - NY,23316,1205.3,2200,-1200
09/17/2023 05:25,SCH - PJM_HTP,325905,500,660,-660
09/17/2023 05:25,SCH - PJM_NEPTUNE,325305,660,660,-660
09/17/2023 05:25,SCH - PJM_VFT,325658,315,315,-315
09/17/2023 05:25,SPR/DUN-SOUTH,23320,1028.68,4350,-9999
09/17/2023 05:25,TOTAL EAST,23314,2183.73,6150,-9999
09/17/2023 05:25,UPNY CONED,23315,2086.34,5905,-9999
09/17/2023 05:25,WEST CENTRAL,23312,-433.14,9999,-9999
09/17/2023 05:30,CENTRAL EAST - VC,23330,799.9,1360,-9999
09/17/2023 05:30,DYSINGER EAST,23326,-270.04,3200,-9999
09/17/2023 05:30,MOSES SOUTH,23319,95.87,3000,-1600
09/17/2023 05:30,SCH - HQ - NY,23324,-316,1500,-425
09/17/2023 05:30,SCH - HQ_CEDARS,325274,0,200,0
09/17/2023 05:30,SCH - HQ_IMPORT_EXPORT,325376,-316,1310,-9999
09/17/2023 05:30,SCH - NE - NY,23318,69.13,1400,-1600
09/17/2023 05:30,SCH - NPX_1385,325277,40,200,-200
09/17/2023 05:30,SCH - NPX_CSC,325154,0,0,0
09/17/2023 05:30,SCH - OH - NY,23317,210.02,1750,-1200
09/17/2023 05:30,SCH - PJ - NY,23316,1203.75,2200,-1200
09/17/2023 05:30,SCH - PJM_HTP,325905,500,660,-660
09/17/2023 05:30,SCH - PJM_NEPTUNE,325305,660,660,-660
09/17/2023 05:30,SCH - PJM_VFT,325658,315,315,-315
09/17/2023 05:30,SPR/DUN-SOUTH,23320,1015.88,4350,-9999
09/17/2023 05:30,TOTAL EAST,23314,2170.95,6150,-9999
09/17/2023 05:30,UPNY CONED,23315,2071.31,5905,-9999
09/17/2023 05:30,WEST CENTRAL,23312,-477.9,9999,-9999
09/17/2023 05:35,CENTRAL EAST - VC,23330,780.77,1360,-9999
09/17/2023 05:35,DYSINGER EAST,23326,-292.19,3200,-9999
09/17/2023 05:35,MOSES SOUTH,23319,137.03,3000,-1600
09/17/2023 05:35,SCH - HQ - NY,23324,-316,1500,-425
09/17/2023 05:35,SCH - HQ_CEDARS,325274,0,200,0
09/17/2023 05:35,SCH - HQ_IMPORT_EXPORT,325376,-316,1310,-9999
09/17/2023 05:35,SCH - NE - NY,23318,12.2,1400,-1600
09/17/2023 05:35,SCH - NPX_1385,325277,40,200,-200
09/17/2023 05:35,SCH - NPX_CSC,325154,0,0,0
09/17/2023 05:35,SCH - OH - NY,23317,209.99,1750,-1200
09/17/2023 05:35,SCH - PJ - NY,23316,1204.6,2200,-1200
09/17/2023 05:35,SCH - PJM_HTP,325905,500,660,-660
09/17/2023 05:35,SCH - PJM_NEPTUNE,325305,660,660,-660
09/17/2023 05:35,SCH - PJM_VFT,325658,315,315,-315
09/17/2023 05:35,SPR/DUN-SOUTH,23320,975.55,4350,-9999
09/17/2023 05:35,TOTAL EAST,23314,2146.75,6150,-9999
09/17/2023 05:35,UPNY CONED,23315,2037.99,5905,-9999
09/17/2023 05:35,WEST CENTRAL,23312,-502.91,9999,-9999
09/17/2023 05:40,CENTRAL EAST - VC,23330,788.37,1360,-9999
09/17/2023 05:40,DYSINGER EAST,23326,-237.08,3200,-9999
09/17/2023 05:40,MOSES SOUTH,23319,114.09,3000,-1600
09/17/2023 05:40,SCH - HQ - NY,23324,-316,1500,-425
09/17/2023 05:40,SCH - HQ_CEDARS,325274,0,200,0
09/17/2023 05:40,SCH - HQ_IMPORT_EXPORT,325376,-316,1310,-9999
09/17/2023 05:40,SCH - NE - NY,23318,12.22,1400,-1600
09/17/2023 05:40,SCH - NPX_1385,325277,40,200,-200
09/17/2023 05:40,SCH - NPX_CSC,325154,0,0,0
09/17/2023 05:40,SCH - OH - NY,23317,214.23,1750,-1200
09/17/2023 05:40,SCH - PJ - NY,23316,1197.18,2200,-1200
09/17/2023 05:40,SCH - PJM_HTP,325905,500,660,-660
09/17/2023 05:40,SCH - PJM_NEPTUNE,325305,660,660,-660
09/17/2023 05:40,SCH - PJM_VFT,325658,315,315,-315
09/17/2023 05:40,SPR/DUN-SOUTH,23320,975.85,4350,-9999
09/17/2023 05:40,TOTAL EAST,23314,2138.69,6150,-9999
09/17/2023 05:40,UPNY CONED,23315,2026.86,5905,-9999
09/17/2023 05:40,WEST CENTRAL,23312,-446.52,9999,-9999
09/17/2023 05:45,CENTRAL EAST - VC,23330,824.38,1360,-9999
09/17/2023 05:45,DYSINGER EAST,23326,-220.66,3200,-9999
09/17/2023 05:45,MOSES SOUTH,23319,103.16,3000,-1600
09/17/2023 05:45,SCH - HQ - NY,23324,-316,1500,-425
09/17/2023 05:45,SCH - HQ_CEDARS,325274,0,200,0
09/17/2023 05:45,SCH - HQ_IMPORT_EXPORT,325376,-316,1310,-9999
09/17/2023 05:45,SCH - NE - NY,23318,-62.72,1400,-1600
09/17/2023 05:45,SCH - NPX_1385,325277,40,200,-200
09/17/2023 05:45,SCH - NPX_CSC,325154,0,0,0
09/17/2023 05:45,SCH - OH - NY,23317,210,1750,-1200
09/17/2023 05:45,SCH - PJ - NY,23316,1204.47,2200,-1200
09/17/2023 05:45,SCH - PJM_HTP,325905,500,660,-660
09/17/2023 05:45,SCH - PJM_NEPTUNE,325305,660,660,-660
09/17/2023 05:45,SCH - PJM_VFT,325658,315,315,-315
09/17/2023 05:45,SPR/DUN-SOUTH,23320,961.49,4350,-9999
09/17/2023 05:45,TOTAL EAST,23314,2207.49,6150,-9999
09/17/2023 05:45,UPNY CONED,23315,2023.8,5905,-9999
09/17/2023 05:45,WEST CENTRAL,23312,-428.38,9999,-9999
09/17/2023 05:50,CENTRAL EAST - VC,23330,835.22,1360,-9999
09/17/2023 05:50,DYSINGER EAST,23326,-157.34,3200,-9999
09/17/2023 05:50,MOSES SOUTH,23319,88.01,3000,-1600
09/17/2023 05:50,SCH - HQ - NY,23324,-316,1500,-425
09/17/2023 05:50,SCH - HQ_CEDARS,325274,0,200,0
09/17/2023 05:50,SCH - HQ_IMPORT_EXPORT,325376,-316,1310,-9999
09/17/2023 05:50,SCH - NE - NY,23318,-137.51,1400,-1600
09/17/2023 05:50,SCH - NPX_1385,325277,40,200,-200
09/17/2023 05:50,SCH - NPX_CSC,325154,0,0,0
09/17/2023 05:50,SCH - OH - NY,23317,209.99,1750,-1200
09/17/2023 05:50,SCH - PJ - NY,23316,1203.99,2200,-1200
09/17/2023 05:50,SCH - PJM_HTP,325905,500,660,-660
09/17/2023 05:50,SCH - PJM_NEPTUNE,325305,660,660,-660
09/17/2023 05:50,SCH - PJM_VFT,325658,315,315,-315
09/17/2023 05:50,SPR/DUN-SOUTH,23320,886.95,4350,-9999
09/17/2023 05:50,TOTAL EAST,23314,2234.33,6150,-9999
09/17/2023 05:50,UPNY CONED,23315,1951.91,5905,-9999
09/17/2023 05:50,WEST CENTRAL,23312,-364.93,9999,-9999
09/17/2023 05:55,CENTRAL EAST - VC,23330,847.92,1360,-9999
09/17/2023 05:55,DYSINGER EAST,23326,-164.13,3200,-9999
09/17/2023 05:55,MOSES SOUTH,23319,91.13,3000,-1600
09/17/2023 05:55,SCH - HQ - NY,23324,-316,1500,-425
09/17/2023 05:55,SCH - HQ_CEDARS,325274,0,200,0
09/17/2023 05:55,SCH - HQ_IMPORT_EXPORT,325376,-316,1310,-9999
09/17/2023 05:55,SCH - NE - NY,23318,-137.42,1400,-1600
09/17/2023 05:55,SCH - NPX_1385,325277,40,200,-200
09/17/2023 05:55,SCH - NPX_CSC,325154,0,0,0
09/17/2023 05:55,SCH - OH - NY,23317,209.98,1750,-1200
09/17/2023 05:55,SCH - PJ - NY,23316,1204.91,2200,-1200
09/17/2023 05:55,SCH - PJM_HTP,325905,500,660,-660
09/17/2023 05:55,SCH - PJM_NEPTUNE,325305,660,660,-660
09/17/2023 05:55,SCH - PJM_VFT,325658,315,315,-315
09/17/2023 05:55,SPR/DUN-SOUTH,23320,878.54,4350,-9999
09/17/2023 05:55,TOTAL EAST,23314,2231.93,6150,-9999
09/17/2023 05:55,UPNY CONED,23315,1947.54,5905,-9999
09/17/2023 05:55,WEST CENTRAL,23312,-375.72,9999,-9999
09/17/2023 06:00,CENTRAL EAST - VC,23330,838.24,1360,-9999
09/17/2023 06:00,DYSINGER EAST,23326,-114.24,3200,-9999
09/17/2023 06:00,MOSES SOUTH,23319,84.05,3000,-1600
09/17/2023 06:00,SCH - HQ - NY,23324,-316,1500,-425
09/17/2023 06:00,SCH - HQ_CEDARS,325274,0,200,0
09/17/2023 06:00,SCH - HQ_IMPORT_EXPORT,325376,-316,1310,-9999
09/17/2023 06:00,SCH - NE - NY,23318,-112.52,1400,-1600
09/17/2023 06:00,SCH - NPX_1385,325277,40,200,-200
09/17/2023 06:00,SCH - NPX_CSC,325154,0,0,0
09/17/2023 06:00,SCH - OH - NY,23317,109.82,1750,-1200
09/17/2023 06:00,SCH - PJ - NY,23316,1274.15,2200,-1200
09/17/2023 06:00,SCH - PJM_HTP,325905,500,660,-660
09/17/2023 06:00,SCH - PJM_NEPTUNE,325305,660,660,-660
09/17/2023 06:00,SCH - PJM_VFT,325658,315,315,-315
09/17/2023 06:00,SPR/DUN-SOUTH,23320,1065.67,4350,-9999
09/17/2023 06:00,TOTAL EAST,23314,2289.67,6150,-9999
09/17/2023 06:00,UPNY CONED,23315,2146.3,5905,-9999
09/17/2023 06:00,WEST CENTRAL,23312,-332.08,9999,-9999
09/17/2023 06:05,CENTRAL EAST - VC,23330,836.33,1360,-9999
09/17/2023 06:05,DYSINGER EAST,23326,-174.02,3200,-9999
09/17/2023 06:05,MOSES SOUTH,23319,71.48,3000,-1600
09/17/2023 06:05,SCH - HQ - NY,23324,-316,1500,-425
09/17/2023 06:05,SCH - HQ_CEDARS,325274,0,200,0
09/17/2023 06:05,SCH - HQ_IMPORT_EXPORT,325376,-316,1310,-9999
09/17/2023 06:05,SCH - NE - NY,23318,-87.59,1400,-1600
09/17/2023 06:05,SCH - NPX_1385,325277,40,200,-200
09/17/2023 06:05,SCH - NPX_CSC,325154,0,0,0
09/17/2023 06:05,SCH - OH - NY,23317,-0.02,1750,-1200
09/17/2023 06:05,SCH - PJ - NY,23316,1357.36,2200,-1200
09/17/2023 06:05,SCH - PJM_HTP,325905,500,660,-660
09/17/2023 06:05,SCH - PJM_NEPTUNE,325305,660,660,-660
09/17/2023 06:05,SCH - PJM_VFT,325658,315,315,-315
09/17/2023 06:05,SPR/DUN-SOUTH,23320,1070.59,4350,-9999
09/17/2023 06:05,TOTAL EAST,23314,2315.37,6150,-9999
09/17/2023 06:05,UPNY CONED,23315,2172.07,5905,-9999
09/17/2023 06:05,WEST CENTRAL,23312,-394.56,9999,-9999
09/17/2023 06:10,CENTRAL EAST - VC,23330,804.43,1360,-9999
09/17/2023 06:10,DYSINGER EAST,23326,-235.51,3200,-9999
09/17/2023 06:10,MOSES SOUTH,23319,73.42,3000,-1600
09/17/2023 06:10,SCH - HQ - NY,23324,-316,1500,-425
09/17/2023 06:10,SCH - HQ_CEDARS,325274,0,200,0
09/17/2023 06:10,SCH - HQ_IMPORT_EXPORT,325376,-316,1310,-9999
09/17/2023 06:10,SCH - NE - NY,23318,-87.63,1400,-1600
09/17/2023 06:10,SCH - NPX_1385,325277,40,200,-200
09/17/2023 06:10,SCH - NPX_CSC,325154,0,0,0
09/17/2023 06:10,SCH - OH - NY,23317,0,1750,-1200
09/17/2023 06:10,SCH - PJ - NY,23316,1357.58,2200,-1200
09/17/2023 06:10,SCH - PJM_HTP,325905,500,660,-660
09/17/2023 06:10,SCH - PJM_NEPTUNE,325305,660,660,-660
09/17/2023 06:10,SCH - PJM_VFT,325658,315,315,-315
09/17/2023 06:10,SPR/DUN-SOUTH,23320,1053.63,4350,-9999
09/17/2023 06:10,TOTAL EAST,23314,2273.49,6150,-9999
09/17/2023 06:10,UPNY CONED,23315,2137.32,5905,-9999
09/17/2023 06:10,WEST CENTRAL,23312,-461.75,9999,-9999
09/17/2023 06:15,CENTRAL EAST - VC,23330,784.27,1360,-9999
09/17/2023 06:15,DYSINGER EAST,23326,-122.23,3200,-9999
09/17/2023 06:15,MOSES SOUTH,23319,42.97,3000,-1600
09/17/2023 06:15,SCH - HQ - NY,23324,-316,1500,-425
09/17/2023 06:15,SCH - HQ_CEDARS,325274,0,200,0
09/17/2023 06:15,SCH - HQ_IMPORT_EXPORT,325376,-316,1310,-9999
09/17/2023 06:15,SCH - NE - NY,23318,-138.62,1400,-1600
09/17/2023 06:15,SCH - NPX_1385,325277,40,200,-200
09/17/2023 06:15,SCH - NPX_CSC,325154,0,0,0
09/17/2023 06:15,SCH - OH - NY,23317,-0.01,1750,-1200
09/17/2023 06:15,SCH - PJ - NY,23316,1358.12,2200,-1200
09/17/2023 06:15,SCH - PJM_HTP,325905,500,660,-660
09/17/2023 06:15,SCH - PJM_NEPTUNE,325305,660,660,-660
09/17/2023 06:15,SCH - PJM_VFT,325658,315,315,-315
09/17/2023 06:15,SPR/DUN-SOUTH,23320,1008.2,4350,-9999
09/17/2023 06:15,TOTAL EAST,23314,2353.69,6150,-9999
09/17/2023 06:15,UPNY CONED,23315,2087.43,5905,-9999
09/17/2023 06:15,WEST CENTRAL,23312,-347.75,9999,-9999
09/17/2023 06:20,CENTRAL EAST - VC,23330,833.46,1360,-9999
09/17/2023 06:20,DYSINGER EAST,23326,-84.61,3200,-9999
09/17/2023 06:20,MOSES SOUTH,23319,33.19,3000,-1600
09/17/2023 06:20,SCH - HQ - NY,23324,-316,1500,-425
09/17/2023 06:20,SCH - HQ_CEDARS,325274,0,200,0
09/17/2023 06:20,SCH - HQ_IMPORT_EXPORT,325376,-316,1310,-9999
09/17/2023 06:20,SCH - NE - NY,23318,-189.46,1400,-1600
09/17/2023 06:20,SCH - NPX_1385,325277,40,200,-200
09/17/2023 06:20,SCH - NPX_CSC,325154,0,0,0
09/17/2023 06:20,SCH - OH - NY,23317,-0.05,1750,-1200
09/17/2023 06:20,SCH - PJ - NY,23316,1356.93,2200,-1200
09/17/2023 06:20,SCH - PJM_HTP,325905,500,660,-660
09/17/2023 06:20,SCH - PJM_NEPTUNE,325305,660,660,-660
09/17/2023 06:20,SCH - PJM_VFT,325658,315,315,-315
09/17/2023 06:20,SPR/DUN-SOUTH,23320,1021.53,4350,-9999
09/17/2023 06:20,TOTAL EAST,23314,2406.84,6150,-9999
09/17/2023 06:20,UPNY CONED,23315,2099.81,5905,-9999
09/17/2023 06:20,WEST CENTRAL,23312,-311.16,9999,-9999
09/17/2023 06:25,CENTRAL EAST - VC,23330,793.81,1360,-9999
09/17/2023 06:25,DYSINGER EAST,23326,-99.42,3200,-9999
09/17/2023 06:25,MOSES SOUTH,23319,20.77,3000,-1600
09/17/2023 06:25,SCH - HQ - NY,23324,-316,1500,-425
09/17/2023 06:25,SCH - HQ_CEDARS,325274,0,200,0
09/17/2023 06:25,SCH - HQ_IMPORT_EXPORT,325376,-316,1310,-9999
09/17/2023 06:25,SCH - NE - NY,23318,-189.43,1400,-1600
09/17/2023 06:25,SCH - NPX_1385,325277,40,200,-200
09/17/2023 06:25,SCH - NPX_CSC,325154,0,0,0
09/17/2023 06:25,SCH - OH - NY,23317,-0.05,1750,-1200
09/17/2023 06:25,SCH - PJ - NY,23316,1356.89,2200,-1200
09/17/2023 06:25,SCH - PJM_HTP,325905,500,660,-660
09/17/2023 06:25,SCH - PJM_NEPTUNE,325305,660,660,-660
09/17/2023 06:25,SCH - PJM_VFT,325658,315,315,-315
09/17/2023 06:25,SPR/DUN-SOUTH,23320,1016.28,4350,-9999
09/17/2023 06:25,TOTAL EAST,23314,2376.79,6150,-9999
09/17/2023 06:25,UPNY CONED,23315,2104.46,5905,-9999
09/17/2023 06:25,WEST CENTRAL,23312,-323.33,9999,-9999
09/17/2023 06:30,CENTRAL EAST - VC,23330,772.07,1360,-9999
09/17/2023 06:30,DYSINGER EAST,23326,-92.58,3200,-9999
09/17/2023 06:30,MOSES SOUTH,23319,15.19,3000,-1600
09/17/2023 06:30,SCH - HQ - NY,23324,-316,1500,-425
09/17/2023 06:30,SCH - HQ_CEDARS,325274,0,200,0
09/17/2023 06:30,SCH - HQ_IMPORT_EXPORT,325376,-316,1310,-9999
09/17/2023 06:30,SCH - NE - NY,23318,-175.54,1400,-1600
09/17/2023 06:30,SCH - NPX_1385,325277,40,200,-200
09/17/2023 06:30,SCH - NPX_CSC,325154,0,0,0
09/17/2023 06:30,SCH - OH - NY,23317,-0.03,1750,-1200
09/17/2023 06:30,SCH - PJ - NY,23316,1358.98,2200,-1200
09/17/2023 06:30,SCH - PJM_HTP,325905,500,660,-660
09/17/2023 06:30,SCH - PJM_NEPTUNE,325305,660,660,-660
09/17/2023 06:30,SCH - PJM_VFT,325658,315,315,-315
09/17/2023 06:30,SPR/DUN-SOUTH,23320,1004.24,4350,-9999
09/17/2023 06:30,TOTAL EAST,23314,2365.49,6150,-9999
09/17/2023 06:30,UPNY CONED,23315,2098.54,5905,-9999
09/17/2023 06:30,WEST CENTRAL,23312,-319.59,9999,-9999
09/17/2023 06:35,CENTRAL EAST - VC,23330,754.53,1360,-9999
09/17/2023 06:35,DYSINGER EAST,23326,-137.35,3200,-9999
09/17/2023 06:35,MOSES SOUTH,23319,5.04,3000,-1600
09/17/2023 06:35,SCH - HQ - NY,23324,-316,1500,-425
09/17/2023 06:35,SCH - HQ_CEDARS,325274,0,200,0
09/17/2023 06:35,SCH - HQ_IMPORT_EXPORT,325376,-316,1310,-9999
09/17/2023 06:35,SCH - NE - NY,23318,-162.55,1400,-1600
09/17/2023 06:35,SCH - NPX_1385,325277,40,200,-200
09/17/2023 06:35,SCH - NPX_CSC,325154,0,0,0
09/17/2023 06:35,SCH - OH - NY,23317,-0.05,1750,-1200
09/17/2023 06:35,SCH - PJ - NY,23316,1358.08,2200,-1200
09/17/2023 06:35,SCH - PJM_HTP,325905,500,660,-660
09/17/2023 06:35,SCH - PJM_NEPTUNE,325305,660,660,-660
09/17/2023 06:35,SCH - PJM_VFT,325658,315,315,-315
09/17/2023 06:35,SPR/DUN-SOUTH,23320,990.41,4350,-9999
09/17/2023 06:35,TOTAL EAST,23314,2360.97,6150,-9999
09/17/2023 06:35,UPNY CONED,23315,2081.53,5905,-9999
09/17/2023 06:35,WEST CENTRAL,23312,-365.07,9999,-9999
09/17/2023 06:40,CENTRAL EAST - VC,23330,757.53,1360,-9999
09/17/2023 06:40,DYSINGER EAST,23326,-134.95,3200,-9999
09/17/2023 06:40,MOSES SOUTH,23319,-8.62,3000,-1600
09/17/2023 06:40,SCH - HQ - NY,23324,-316,1500,-425
09/17/2023 06:40,SCH - HQ_CEDARS,325274,0,200,0
09/17/2023 06:40,SCH - HQ_IMPORT_EXPORT,325376,-316,1310,-9999
09/17/2023 06:40,SCH - NE - NY,23318,-162.52,1400,-1600
09/17/2023 06:40,SCH - NPX_1385,325277,40,200,-200
09/17/2023 06:40,SCH - NPX_CSC,325154,0,0,0
09/17/2023 06:40,SCH - OH - NY,23317,-0.08,1750,-1200
09/17/2023 06:40,SCH - PJ - NY,23316,1357.09,2200,-1200
09/17/2023 06:40,SCH - PJM_HTP,325905,500,660,-660
09/17/2023 06:40,SCH - PJM_NEPTUNE,325305,660,660,-660
09/17/2023 06:40,SCH - PJM_VFT,325658,315,315,-315
09/17/2023 06:40,SPR/DUN-SOUTH,23320,1002.94,4350,-9999
09/17/2023 06:40,TOTAL EAST,23314,2353.18,6150,-9999
09/17/2023 06:40,UPNY CONED,23315,2092.09,5905,-9999
09/17/2023 06:40,WEST CENTRAL,23312,-361.44,9999,-9999
09/17/2023 06:45,CENTRAL EAST - VC,23330,786.47,1360,-9999
09/17/2023 06:45,DYSINGER EAST,23326,-117.76,3200,-9999
09/17/2023 06:45,MOSES SOUTH,23319,21.96,3000,-1600
09/17/2023 06:45,SCH - HQ - NY,23324,-316,1500,-425
09/17/2023 06:45,SCH - HQ_CEDARS,325274,0,200,0
09/17/2023 06:45,SCH - HQ_IMPORT_EXPORT,325376,-316,1310,-9999
09/17/2023 06:45,SCH - NE - NY,23318,-199.46,1400,-1600
09/17/2023 06:45,SCH - NPX_1385,325277,40,200,-200
09/17/2023 06:45,SCH - NPX_CSC,325154,0,0,0
09/17/2023 06:45,SCH - OH - NY,23317,-0.05,1750,-1200
09/17/2023 06:45,SCH - PJ - NY,23316,1356.99,2200,-1200
09/17/2023 06:45,SCH - PJM_HTP,325905,500,660,-660
09/17/2023 06:45,SCH - PJM_NEPTUNE,325305,660,660,-660
09/17/2023 06:45,SCH - PJM_VFT,325658,315,315,-315
09/17/2023 06:45,SPR/DUN-SOUTH,23320,1019.63,4350,-9999
09/17/2023 06:45,TOTAL EAST,23314,2355.12,6150,-9999
09/17/2023 06:45,UPNY CONED,23315,2096.42,5905,-9999
09/17/2023 06:45,WEST CENTRAL,23312,-343.95,9999,-9999
09/17/2023 06:50,CENTRAL EAST - VC,23330,800.66,1360,-9999
09/17/2023 06:50,DYSINGER EAST,23326,-128.21,3200,-9999
09/17/2023 06:50,MOSES SOUTH,23319,-12.47,3000,-1600
09/17/2023 06:50,SCH - HQ - NY,23324,-316,1500,-425
09/17/2023 06:50,SCH - HQ_CEDARS,325274,0,200,0
09/17/2023 06:50,SCH - HQ_IMPORT_EXPORT,325376,-316,1310,-9999
09/17/2023 06:50,SCH - NE - NY,23318,-237.3,1400,-1600
09/17/2023 06:50,SCH - NPX_1385,325277,40,200,-200
09/17/2023 06:50,SCH - NPX_CSC,325154,0,0,0
09/17/2023 06:50,SCH - OH - NY,23317,-0.14,1750,-1200
09/17/2023 06:50,SCH - PJ - NY,23316,1356.85,2200,-1200
09/17/2023 06:50,SCH - PJM_HTP,325905,500,660,-660
09/17/2023 06:50,SCH - PJM_NEPTUNE,325305,660,660,-660
09/17/2023 06:50,SCH - PJM_VFT,325658,315,315,-315
09/17/2023 06:50,SPR/DUN-SOUTH,23320,1030.05,4350,-9999
09/17/2023 06:50,TOTAL EAST,23314,2371.11,6150,-9999
09/17/2023 06:50,UPNY CONED,23315,2113.16,5905,-9999
09/17/2023 06:50,WEST CENTRAL,23312,-354.27,9999,-9999
09/17/2023 06:55,CENTRAL EAST - VC,23330,784.09,1360,-9999
09/17/2023 06:55,DYSINGER EAST,23326,-119.42,3200,-9999
09/17/2023 06:55,MOSES SOUTH,23319,8.77,3000,-1600
09/17/2023 06:55,SCH - HQ - NY,23324,-316,1500,-425
09/17/2023 06:55,SCH - HQ_CEDARS,325274,0,200,0
09/17/2023 06:55,SCH - HQ_IMPORT_EXPORT,325376,-316,1310,-9999
09/17/2023 06:55,SCH - NE - NY,23318,-237.41,1400,-1600
09/17/2023 06:55,SCH - NPX_1385,325277,40,200,-200
09/17/2023 06:55,SCH - NPX_CSC,325154,0,0,0
09/17/2023 06:55,SCH - OH - NY,23317,-0.05,1750,-1200
09/17/2023 06:55,SCH - PJ - NY,23316,1356.86,2200,-1200
09/17/2023 06:55,SCH - PJM_HTP,325905,500,660,-660
09/17/2023 06:55,SCH - PJM_NEPTUNE,325305,660,660,-660
09/17/2023 06:55,SCH - PJM_VFT,325658,315,315,-315
09/17/2023 06:55,SPR/DUN-SOUTH,23320,1010.93,4350,-9999
09/17/2023 06:55,TOTAL EAST,23314,2386.74,6150,-9999
09/17/2023 06:55,UPNY CONED,23315,2093.9,5905,-9999
09/17/2023 06:55,WEST CENTRAL,23312,-347.71,9999,-9999
09/17/2023 07:00,CENTRAL EAST - VC,23330,693.99,1360,-9999
09/17/2023 07:00,DYSINGER EAST,23326,-167.51,3200,-9999
09/17/2023 07:00,MOSES SOUTH,23319,-46.58,3000,-1600
09/17/2023 07:00,SCH - HQ - NY,23324,-341,1500,-425
09/17/2023 07:00,SCH - HQ_CEDARS,325274,0,200,0
09/17/2023 07:00,SCH - HQ_IMPORT_EXPORT,325376,-341,1310,-9999
09/17/2023 07:00,SCH - NE - NY,23318,-310.29,1400,-1600
09/17/2023 07:00,SCH - NPX_1385,325277,14,200,-200
09/17/2023 07:00,SCH - NPX_CSC,325154,0,0,0
09/17/2023 07:00,SCH - OH - NY,23317,-0.12,1750,-1200
09/17/2023 07:00,SCH - PJ - NY,23316,1234.84,2200,-1200
09/17/2023 07:00,SCH - PJM_HTP,325905,500,660,-660
09/17/2023 07:00,SCH - PJM_NEPTUNE,325305,660,660,-660
09/17/2023 07:00,SCH - PJM_VFT,325658,315,315,-315
09/17/2023 07:00,SPR/DUN-SOUTH,23320,1033.17,4350,-9999
09/17/2023 07:00,TOTAL EAST,23314,2269.61,6150,-9999
09/17/2023 07:00,UPNY CONED,23315,2165.66,5905,-9999
09/17/2023 07:00,WEST CENTRAL,23312,-394.87,9999,-9999
09/17/2023 07:05,CENTRAL EAST - VC,23330,643.38,1360,-9999
09/17/2023 07:05,DYSINGER EAST,23326,-94.03,3200,-9999
09/17/2023 07:05,MOSES SOUTH,23319,-91.76,3000,-1600
09/17/2023 07:05,SCH - HQ - NY,23324,-366,1500,-425
09/17/2023 07:05,SCH - HQ_CEDARS,325274,0,200,0
09/17/2023 07:05,SCH - HQ_IMPORT_EXPORT,325376,-366,1310,-9999
09/17/2023 07:05,SCH - NE - NY,23318,-384.02,1400,-1600
09/17/2023 07:05,SCH - NPX_1385,325277,-10,200,-200
09/17/2023 07:05,SCH - NPX_CSC,325154,0,0,0
09/17/2023 07:05,SCH - OH - NY,23317,-0.15,1750,-1200
09/17/2023 07:05,SCH - PJ - NY,23316,1108.35,2200,-1200
09/17/2023 07:05,SCH - PJM_HTP,325905,500,660,-660
09/17/2023 07:05,SCH - PJM_NEPTUNE,325305,660,660,-660
09/17/2023 07:05,SCH - PJM_VFT,325658,315,315,-315
09/17/2023 07:05,SPR/DUN-SOUTH,23320,990.45,4350,-9999
09/17/2023 07:05,TOTAL EAST,23314,2162.3,6150,-9999
09/17/2023 07:05,UPNY CONED,23315,2158.41,5905,-9999
09/17/2023 07:05,WEST CENTRAL,23312,-321.37,9999,-9999
09/17/2023 07:10,CENTRAL EAST - VC,23330,667.22,1360,-9999
09/17/2023 07:10,DYSINGER EAST,23326,-130.31,3200,-9999
09/17/2023 07:10,MOSES SOUTH,23319,-96.41,3000,-1600
09/17/2023 07:10,SCH - HQ - NY,23324,-366,1500,-425
09/17/2023 07:10,SCH - HQ_CEDARS,325274,0,200,0
09/17/2023 07:10,SCH - HQ_IMPORT_EXPORT,325376,-366,1310,-9999
09/17/2023 07:10,SCH - NE - NY,23318,-384.13,1400,-1600
09/17/2023 07:10,SCH - NPX_1385,325277,-10,200,-200
09/17/2023 07:10,SCH - NPX_CSC,325154,0,0,0
09/17/2023 07:10,SCH - OH - NY,23317,-0.16,1750,-1200
09/17/2023 07:10,SCH - PJ - NY,23316,1108.61,2200,-1200
09/17/2023 07:10,SCH - PJM_HTP,325905,500,660,-660
09/17/2023 07:10,SCH - PJM_NEPTUNE,325305,660,660,-660
09/17/2023 07:10,SCH - PJM_VFT,325658,315,315,-315
09/17/2023 07:10,SPR/DUN-SOUTH,23320,1035.19,4350,-9999
09/17/2023 07:10,TOTAL EAST,23314,2152.98,6150,-9999
09/17/2023 07:10,UPNY CONED,23315,2203.02,5905,-9999
09/17/2023 07:10,WEST CENTRAL,23312,-357.07,9999,-9999
09/17/2023 07:15,CENTRAL EAST - VC,23330,630.13,1360,-9999
09/17/2023 07:15,DYSINGER EAST,23326,-150.4,3200,-9999
09/17/2023 07:15,MOSES SOUTH,23319,-84.52,3000,-1600
09/17/2023 07:15,SCH - HQ - NY,23324,-366,1500,-425
09/17/2023 07:15,SCH - HQ_CEDARS,325274,0,200,0
09/17/2023 07:15,SCH - HQ_IMPORT_EXPORT,325376,-366,1310,-9999
09/17/2023 07:15,SCH - NE - NY,23318,-346.33,1400,-1600
09/17/2023 07:15,SCH - NPX_1385,325277,-10,200,-200
09/17/2023 07:15,SCH - NPX_CSC,325154,0,0,0
09/17/2023 07:15,SCH - OH - NY,23317,-0.12,1750,-1200
09/17/2023 07:15,SCH - PJ - NY,23316,1109.82,2200,-1200
09/17/2023 07:15,SCH - PJM_HTP,325905,500,660,-660
09/17/2023 07:15,SCH - PJM_NEPTUNE,325305,660,660,-660
09/17/2023 07:15,SCH - PJM_VFT,325658,315,315,-315
09/17/2023 07:15,SPR/DUN-SOUTH,23320,1036.05,4350,-9999
09/17/2023 07:15,TOTAL EAST,23314,2173.24,6150,-9999
09/17/2023 07:15,UPNY CONED,23315,2195.07,5905,-9999
09/17/2023 07:15,WEST CENTRAL,23312,-379.1,9999,-9999
09/17/2023 07:20,CENTRAL EAST - VC,23330,637.83,1360,-9999
09/17/2023 07:20,DYSINGER EAST,23326,-209.13,3200,-9999
09/17/2023 07:20,MOSES SOUTH,23319,-77.84,3000,-1600
09/17/2023 07:20,SCH - HQ - NY,23324,-366,1500,-425
09/17/2023 07:20,SCH - HQ_CEDARS,325274,0,200,0
09/17/2023 07:20,SCH - HQ_IMPORT_EXPORT,325376,-366,1310,-9999
09/17/2023 07:20,SCH - NE - NY,23318,-309.43,1400,-1600
09/17/2023 07:20,SCH - NPX_1385,325277,-10,200,-200
09/17/2023 07:20,SCH - NPX_CSC,325154,0,0,0
09/17/2023 07:20,SCH - OH - NY,23317,-0.15,1750,-1200
09/17/2023 07:20,SCH - PJ - NY,23316,1108.22,2200,-1200
09/17/2023 07:20,SCH - PJM_HTP,325905,500,660,-660
09/17/2023 07:20,SCH - PJM_NEPTUNE,325305,660,660,-660
09/17/2023 07:20,SCH - PJM_VFT,325658,315,315,-315
09/17/2023 07:20,SPR/DUN-SOUTH,23320,1060.33,4350,-9999
09/17/2023 07:20,TOTAL EAST,23314,2154.19,6150,-9999
09/17/2023 07:20,UPNY CONED,23315,2216.82,5905,-9999
09/17/2023 07:20,WEST CENTRAL,23312,-438.6,9999,-9999
09/17/2023 07:25,CENTRAL EAST - VC,23330,614.24,1360,-9999
09/17/2023 07:25,DYSINGER EAST,23326,-202.92,3200,-9999
09/17/2023 07:25,MOSES SOUTH,23319,-85.09,3000,-1600
09/17/2023 07:25,SCH - HQ - NY,23324,-366,1500,-425
09/17/2023 07:25,SCH - HQ_CEDARS,325274,0,200,0
09/17/2023 07:25,SCH - HQ_IMPORT_EXPORT,325376,-366,1310,-9999
09/17/2023 07:25,SCH - NE - NY,23318,-309.38,1400,-1600
09/17/2023 07:25,SCH - NPX_1385,325277,-10,200,-200
09/17/2023 07:25,SCH - NPX_CSC,325154,0,0,0
09/17/2023 07:25,SCH - OH - NY,23317,-0.16,1750,-1200
09/17/2023 07:25,SCH - PJ - NY,23316,1110.13,2200,-1200
09/17/2023 07:25,SCH - PJM_HTP,325905,500,660,-660
09/17/2023 07:25,SCH - PJM_NEPTUNE,325305,660,660,-660
09/17/2023 07:25,SCH - PJM_VFT,325658,315,315,-315
09/17/2023 07:25,SPR/DUN-SOUTH,23320,1057.7,4350,-9999
09/17/2023 07:25,TOTAL EAST,23314,2127.42,6150,-9999
09/17/2023 07:25,UPNY CONED,23315,2216.56,5905,-9999
09/17/2023 07:25,WEST CENTRAL,23312,-432.18,9999,-9999
09/17/2023 07:30,CENTRAL EAST - VC,23330,635.78,1360,-9999
09/17/2023 07:30,DYSINGER EAST,23326,-216.16,3200,-9999
09/17/2023 07:30,MOSES SOUTH,23319,-98.74,3000,-1600
09/17/2023 07:30,SCH - HQ - NY,23324,-366,1500,-425
09/17/2023 07:30,SCH - HQ_CEDARS,325274,0,200,0
09/17/2023 07:30,SCH - HQ_IMPORT_EXPORT,325376,-366,1310,-9999
09/17/2023 07:30,SCH - NE - NY,23318,-309.34,1400,-1600
09/17/2023 07:30,SCH - NPX_1385,325277,-10,200,-200
09/17/2023 07:30,SCH - NPX_CSC,325154,0,0,0
09/17/2023 07:30,SCH - OH - NY,23317,-0.16,1750,-1200
09/17/2023 07:30,SCH - PJ - NY,23316,1109.22,2200,-1200
09/17/2023 07:30,SCH - PJM_HTP,325905,500,660,-660
09/17/2023 07:30,SCH - PJM_NEPTUNE,325305,660,660,-660
09/17/2023 07:30,SCH - PJM_VFT,325658,315,315,-315
09/17/2023 07:30,SPR/DUN-SOUTH,23320,1062.03,4350,-9999
09/17/2023 07:30,TOTAL EAST,23314,2099.99,6150,-9999
09/17/2023 07:30,UPNY CONED,23315,2217.94,5905,-9999
09/17/2023 07:30,WEST CENTRAL,23312,-447.41,9999,-9999
09/17/2023 07:35,CENTRAL EAST - VC,23330,649.94,1360,-9999
09/17/2023 07:35,DYSINGER EAST,23326,-170.58,3200,-9999
09/17/2023 07:35,MOSES SOUTH,23319,-95.72,3000,-1600
09/17/2023 07:35,SCH - HQ - NY,23324,-366,1500,-425
09/17/2023 07:35,SCH - HQ_CEDARS,325274,0,200,0
09/17/2023 07:35,SCH - HQ_IMPORT_EXPORT,325376,-366,1310,-9999
09/17/2023 07:35,SCH - NE - NY,23318,-309.25,1400,-1600
09/17/2023 07:35,SCH - NPX_1385,325277,-10,200,-200
09/17/2023 07:35,SCH - NPX_CSC,325154,0,0,0
09/17/2023 07:35,SCH - OH - NY,23317,-0.14,1750,-1200
09/17/2023 07:35,SCH - PJ - NY,23316,1108.92,2200,-1200
09/17/2023 07:35,SCH - PJM_HTP,325905,500,660,-660
09/17/2023 07:35,SCH - PJM_NEPTUNE,325305,660,660,-660
09/17/2023 07:35,SCH - PJM_VFT,325658,315,315,-315
09/17/2023 07:35,SPR/DUN-SOUTH,23320,1056.01,4350,-9999
09/17/2023 07:35,TOTAL EAST,23314,2098.81,6150,-9999
09/17/2023 07:35,UPNY CONED,23315,2226.23,5905,-9999
09/17/2023 07:35,WEST CENTRAL,23312,-402.38,9999,-9999
09/17/2023 07:40,CENTRAL EAST - VC,23330,655.94,1360,-9999
09/17/2023 07:40,DYSINGER EAST,23326,-166.55,3200,-9999
09/17/2023 07:40,MOSES SOUTH,23319,-93.73,3000,-1600
09/17/2023 07:40,SCH - HQ - NY,23324,-366,1500,-425
09/17/2023 07:40,SCH - HQ_CEDARS,325274,0,200,0
09/17/2023 07:40,SCH - HQ_IMPORT_EXPORT,325376,-366,1310,-9999
09/17/2023 07:40,SCH - NE - NY,23318,-309.26,1400,-1600
09/17/2023 07:40,SCH - NPX_1385,325277,-10,200,-200
09/17/2023 07:40,SCH - NPX_CSC,325154,0,0,0
09/17/2023 07:40,SCH - OH - NY,23317,-0.12,1750,-1200
09/17/2023 07:40,SCH - PJ - NY,23316,1107.89,2200,-1200
09/17/2023 07:40,SCH - PJM_HTP,325905,500,660,-660
09/17/2023 07:40,SCH - PJM_NEPTUNE,325305,660,660,-660
09/17/2023 07:40,SCH - PJM_VFT,325658,315,315,-315
09/17/2023 07:40,SPR/DUN-SOUTH,23320,1096.9,4350,-9999
09/17/2023 07:40,TOTAL EAST,23314,2108.04,6150,-9999
09/17/2023 07:40,UPNY CONED,23315,2254.85,5905,-9999
09/17/2023 07:40,WEST CENTRAL,23312,-395.68,9999,-9999
09/17/2023 07:45,CENTRAL EAST - VC,23330,667.55,1360,-9999
09/17/2023 07:45,DYSINGER EAST,23326,-146.01,3200,-9999
09/17/2023 07:45,MOSES SOUTH,23319,-84.39,3000,-1600
09/17/2023 07:45,SCH - HQ - NY,23324,-366,1500,-425
09/17/2023 07:45,SCH - HQ_CEDARS,325274,0,200,0
09/17/2023 07:45,SCH - HQ_IMPORT_EXPORT,325376,-366,1310,-9999
09/17/2023 07:45,SCH - NE - NY,23318,-309.2,1400,-1600
09/17/2023 07:45,SCH - NPX_1385,325277,-10,200,-200
09/17/2023 07:45,SCH - NPX_CSC,325154,0,0,0
09/17/2023 07:45,SCH - OH - NY,23317,-0.08,1750,-1200
09/17/2023 07:45,SCH - PJ - NY,23316,1109.71,2200,-1200
09/17/2023 07:45,SCH - PJM_HTP,325905,500,660,-660
09/17/2023 07:45,SCH - PJM_NEPTUNE,325305,660,660,-660
09/17/2023 07:45,SCH - PJM_VFT,325658,315,315,-315
09/17/2023 07:45,SPR/DUN-SOUTH,23320,1067.32,4350,-9999
09/17/2023 07:45,TOTAL EAST,23314,2092.57,6150,-9999
09/17/2023 07:45,UPNY CONED,23315,2257.03,5905,-9999
09/17/2023 07:45,WEST CENTRAL,23312,-376.77,9999,-9999
09/17/2023 07:50,CENTRAL EAST - VC,23330,663.18,1360,-9999
09/17/2023 07:50,DYSINGER EAST,23326,-83.71,3200,-9999
09/17/2023 07:50,MOSES SOUTH,23319,-53.64,3000,-1600
09/17/2023 07:50,SCH - HQ - NY,23324,-366,1500,-425
09/17/2023 07:50,SCH - HQ_CEDARS,325274,0,200,0
09/17/2023 07:50,SCH - HQ_IMPORT_EXPORT,325376,-366,1310,-9999
09/17/2023 07:50,SCH - NE - NY,23318,-309.29,1400,-1600
09/17/2023 07:50,SCH - NPX_1385,325277,-10,200,-200
09/17/2023 07:50,SCH - NPX_CSC,325154,0,0,0
09/17/2023 07:50,SCH - OH - NY,23317,4.46,1750,-1200
09/17/2023 07:50,SCH - PJ - NY,23316,1103.19,2200,-1200
09/17/2023 07:50,SCH - PJM_HTP,325905,500,660,-660
09/17/2023 07:50,SCH - PJM_NEPTUNE,325305,660,660,-660
09/17/2023 07:50,SCH - PJM_VFT,325658,315,315,-315
09/17/2023 07:50,SPR/DUN-SOUTH,23320,1038.37,4350,-9999
09/17/2023 07:50,TOTAL EAST,23314,2072.14,6150,-9999
09/17/2023 07:50,UPNY CONED,23315,2233.83,5905,-9999
09/17/2023 07:50,WEST CENTRAL,23312,-316.85,9999,-9999
09/17/2023 07:55,CENTRAL EAST - VC,23330,730.7,1360,-9999
09/17/2023 07:55,DYSINGER EAST,23326,22.82,3200,-9999
09/17/2023 07:55,MOSES SOUTH,23319,-50.6,3000,-1600
09/17/2023 07:55,SCH - HQ - NY,23324,-366,1500,-425
09/17/2023 07:55,SCH - HQ_CEDARS,325274,0,200,0
09/17/2023 07:55,SCH - HQ_IMPORT_EXPORT,325376,-366,1310,-9999
09/17/2023 07:55,SCH - NE - NY,23318,-309.34,1400,-1600
09/17/2023 07:55,SCH - NPX_1385,325277,-10,200,-200
09/17/2023 07:55,SCH - NPX_CSC,325154,0,0,0
09/17/2023 07:55,SCH - OH - NY,23317,2.5,1750,-1200
09/17/2023 07:55,SCH - PJ - NY,23316,1107.95,2200,-1200
09/17/2023 07:55,SCH - PJM_HTP,325905,500,660,-660
09/17/2023 07:55,SCH - PJM_NEPTUNE,325305,660,660,-660
09/17/2023 07:55,SCH - PJM_VFT,325658,315,315,-315
09/17/2023 07:55,SPR/DUN-SOUTH,23320,1089.66,4350,-9999
09/17/2023 07:55,TOTAL EAST,23314,2097.84,6150,-9999
09/17/2023 07:55,UPNY CONED,23315,2287.07,5905,-9999
09/17/2023 07:55,WEST CENTRAL,23312,-208.55,9999,-9999
09/17/2023 08:00,CENTRAL EAST - VC,23330,744.81,1360,-9999
09/17/2023 08:00,DYSINGER EAST,23326,101.7,3200,-9999
09/17/2023 08:00,MOSES SOUTH,23319,-52.95,3000,-1600
09/17/2023 08:00,SCH - HQ - NY,23324,-366,1500,-425
09/17/2023 08:00,SCH - HQ_CEDARS,325274,0,200,0
09/17/2023 08:00,SCH - HQ_IMPORT_EXPORT,325376,-366,1310,-9999
09/17/2023 08:00,SCH - NE - NY,23318,-191.53,1400,-1600
09/17/2023 08:00,SCH - NPX_1385,325277,7,200,-200
09/17/2023 08:00,SCH - NPX_CSC,325154,0,0,0
09/17/2023 08:00,SCH - OH - NY,23317,3.56,1750,-1200
09/17/2023 08:00,SCH - PJ - NY,23316,975.99,2200,-1200
09/17/2023 08:00,SCH - PJM_HTP,325905,425,660,-660
09/17/2023 08:00,SCH - PJM_NEPTUNE,325305,660,660,-660
09/17/2023 08:00,SCH - PJM_VFT,325658,315,315,-315
09/17/2023 08:00,SPR/DUN-SOUTH,23320,1201.54,4350,-9999
09/17/2023 08:00,TOTAL EAST,23314,2113.5,6150,-9999
09/17/2023 08:00,UPNY CONED,23315,2411.23,5905,-9999
09/17/2023 08:00,WEST CENTRAL,23312,-128.83,9999,-9999
09/17/2023 08:05,CENTRAL EAST - VC,23330,762.52,1360,-9999
09/17/2023 08:05,DYSINGER EAST,23326,185.36,3200,-9999
09/17/2023 08:05,MOSES SOUTH,23319,-31.99,3000,-1600
09/17/2023 08:05,SCH - HQ - NY,23324,-366,1500,-425
09/17/2023 08:05,SCH - HQ_CEDARS,325274,0,200,0
09/17/2023 08:05,SCH - HQ_IMPORT_EXPORT,325376,-366,1310,-9999
09/17/2023 08:05,SCH - NE - NY,23318,-73.69,1400,-1600
09/17/2023 08:05,SCH - NPX_1385,325277,25,200,-200
09/17/2023 08:05,SCH - NPX_CSC,325154,0,0,0
09/17/2023 08:05,SCH - OH - NY,23317,2.36,1750,-1200
09/17/2023 08:05,SCH - PJ - NY,23316,850.03,2200,-1200
09/17/2023 08:05,SCH - PJM_HTP,325905,350,660,-660
09/17/2023 08:05,SCH - PJM_NEPTUNE,325305,660,660,-660
09/17/2023 08:05,SCH - PJM_VFT,325658,315,315,-315
09/17/2023 08:05,SPR/DUN-SOUTH,23320,1325.25,4350,-9999
09/17/2023 08:05,TOTAL EAST,23314,2063.28,6150,-9999
09/17/2023 08:05,UPNY CONED,23315,2513.71,5905,-9999
09/17/2023 08:05,WEST CENTRAL,23312,-49.63,9999,-9999
09/17/2023 08:10,CENTRAL EAST - VC,23330,692.26,1360,-9999
09/17/2023 08:10,DYSINGER EAST,23326,204.24,3200,-9999
09/17/2023 08:10,MOSES SOUTH,23319,-25.88,3000,-1600
09/17/2023 08:10,SCH - HQ - NY,23324,-366,1500,-425
09/17/2023 08:10,SCH - HQ_CEDARS,325274,0,200,0
09/17/2023 08:10,SCH - HQ_IMPORT_EXPORT,325376,-366,1310,-9999
09/17/2023 08:10,SCH - NE - NY,23318,-73.77,1400,-1600
09/17/2023 08:10,SCH - NPX_1385,325277,25,200,-200
09/17/2023 08:10,SCH - NPX_CSC,325154,0,0,0
09/17/2023 08:10,SCH - OH - NY,23317,1.67,1750,-1200
09/17/2023 08:10,SCH - PJ - NY,23316,848.44,2200,-1200
09/17/2023 08:10,SCH - PJM_HTP,325905,350,660,-660
09/17/2023 08:10,SCH - PJM_NEPTUNE,325305,660,660,-660
09/17/2023 08:10,SCH - PJM_VFT,325658,315,315,-315
09/17/2023 08:10,SPR/DUN-SOUTH,23320,1272.73,4350,-9999
09/17/2023 08:10,TOTAL EAST,23314,2049.49,6150,-9999
09/17/2023 08:10,UPNY CONED,23315,2463.56,5905,-9999
09/17/2023 08:10,WEST CENTRAL,23312,-38.36,9999,-9999
09/17/2023 08:15,CENTRAL EAST - VC,23330,638.72,1360,-9999
09/17/2023 08:15,DYSINGER EAST,23326,80.26,3200,-9999
09/17/2023 08:15,MOSES SOUTH,23319,-16.36,3000,-1600
09/17/2023 08:15,SCH - HQ - NY,23324,-366,1500,-425
09/17/2023 08:15,SCH - HQ_CEDARS,325274,0,200,0
09/17/2023 08:15,SCH - HQ_IMPORT_EXPORT,325376,-366,1310,-9999
09/17/2023 08:15,SCH - NE - NY,23318,13.24,1400,-1600
09/17/2023 08:15,SCH - NPX_1385,325277,25,200,-200
09/17/2023 08:15,SCH - NPX_CSC,325154,0,0,0
09/17/2023 08:15,SCH - OH - NY,23317,4.11,1750,-1200
09/17/2023 08:15,SCH - PJ - NY,23316,847.81,2200,-1200
09/17/2023 08:15,SCH - PJM_HTP,325905,350,660,-660
09/17/2023 08:15,SCH - PJM_NEPTUNE,325305,660,660,-660
09/17/2023 08:15,SCH - PJM_VFT,325658,315,315,-315
09/17/2023 08:15,SPR/DUN-SOUTH,23320,1336.07,4350,-9999
09/17/2023 08:15,TOTAL EAST,23314,2034.64,6150,-9999
09/17/2023 08:15,UPNY CONED,23315,2506.91,5905,-9999
09/17/2023 08:15,WEST CENTRAL,23312,-172.6,9999,-9999
09/17/2023 08:20,CENTRAL EAST - VC,23330,651.87,1360,-9999
09/17/2023 08:20,DYSINGER EAST,23326,38.4,3200,-9999
09/17/2023 08:20,MOSES SOUTH,23319,-13.78,3000,-1600
09/17/2023 08:20,SCH - HQ - NY,23324,-366,1500,-425
09/17/2023 08:20,SCH - HQ_CEDARS,325274,0,200,0
09/17/2023 08:20,SCH - HQ_IMPORT_EXPORT,325376,-366,1310,-9999
09/17/2023 08:20,SCH - NE - NY,23318,100.21,1400,-1600
09/17/2023 08:20,SCH - NPX_1385,325277,25,200,-200
09/17/2023 08:20,SCH - NPX_CSC,325154,0,0,0
09/17/2023 08:20,SCH - OH - NY,23317,4.97,1750,-1200
09/17/2023 08:20,SCH - PJ - NY,23316,852.11,2200,-1200
09/17/2023 08:20,SCH - PJM_HTP,325905,350,660,-660
09/17/2023 08:20,SCH - PJM_NEPTUNE,325305,660,660,-660
09/17/2023 08:20,SCH - PJM_VFT,325658,315,315,-315
09/17/2023 08:20,SPR/DUN-SOUTH,23320,1397.34,4350,-9999
09/17/2023 08:20,TOTAL EAST,23314,2032.93,6150,-9999
09/17/2023 08:20,UPNY CONED,23315,2581.74,5905,-9999
09/17/2023 08:20,WEST CENTRAL,23312,-220.65,9999,-9999
09/17/2023 08:25,CENTRAL EAST - VC,23330,639.18,1360,-9999
09/17/2023 08:25,DYSINGER EAST,23326,10.36,3200,-9999
09/17/2023 08:25,MOSES SOUTH,23319,-20.63,3000,-1600
09/17/2023 08:25,SCH - HQ - NY,23324,-366,1500,-425
09/17/2023 08:25,SCH - HQ_CEDARS,325274,0,200,0
09/17/2023 08:25,SCH - HQ_IMPORT_EXPORT,325376,-366,1310,-9999
09/17/2023 08:25,SCH - NE - NY,23318,100.09,1400,-1600
09/17/2023 08:25,SCH - NPX_1385,325277,25,200,-200
09/17/2023 08:25,SCH - NPX_CSC,325154,0,0,0
09/17/2023 08:25,SCH - OH - NY,23317,-0.01,1750,-1200
09/17/2023 08:25,SCH - PJ - NY,23316,855.16,2200,-1200
09/17/2023 08:25,SCH - PJM_HTP,325905,350,660,-660
09/17/2023 08:25,SCH - PJM_NEPTUNE,325305,660,660,-660
09/17/2023 08:25,SCH - PJM_VFT,325658,315,315,-315
09/17/2023 08:25,SPR/DUN-SOUTH,23320,1404.74,4350,-9999
09/17/2023 08:25,TOTAL EAST,23314,2054.25,6150,-9999
09/17/2023 08:25,UPNY CONED,23315,2593.84,5905,-9999
09/17/2023 08:25,WEST CENTRAL,23312,-255.05,9999,-9999
09/17/2023 08:30,CENTRAL EAST - VC,23330,641.36,1360,-9999
09/17/2023 08:30,DYSINGER EAST,23326,6.81,3200,-9999
09/17/2023 08:30,MOSES SOUTH,23319,-16.7,3000,-1600
09/17/2023 08:30,SCH - HQ - NY,23324,-366,1500,-425
09/17/2023 08:30,SCH - HQ_CEDARS,325274,0,200,0
09/17/2023 08:30,SCH - HQ_IMPORT_EXPORT,325376,-366,1310,-9999
09/17/2023 08:30,SCH - NE - NY,23318,150.13,1400,-1600
09/17/2023 08:30,SCH - NPX_1385,325277,25,200,-200
09/17/2023 08:30,SCH - NPX_CSC,325154,0,0,0
09/17/2023 08:30,SCH - OH - NY,23317,0,1750,-1200
09/17/2023 08:30,SCH - PJ - NY,23316,856.12,2200,-1200
09/17/2023 08:30,SCH - PJM_HTP,325905,350,660,-660
09/17/2023 08:30,SCH - PJM_NEPTUNE,325305,660,660,-660
09/17/2023 08:30,SCH - PJM_VFT,325658,315,315,-315
09/17/2023 08:30,SPR/DUN-SOUTH,23320,1423.31,4350,-9999
09/17/2023 08:30,TOTAL EAST,23314,2047.26,6150,-9999
09/17/2023 08:30,UPNY CONED,23315,2622.33,5905,-9999
09/17/2023 08:30,WEST CENTRAL,23312,-259.61,9999,-9999
09/17/2023 08:35,CENTRAL EAST - VC,23330,614.14,1360,-9999
09/17/2023 08:35,DYSINGER EAST,23326,2.99,3200,-9999
09/17/2023 08:35,MOSES SOUTH,23319,-47.63,3000,-1600
09/17/2023 08:35,SCH - HQ - NY,23324,-366,1500,-425
09/17/2023 08:35,SCH - HQ_CEDARS,325274,0,200,0
09/17/2023 08:35,SCH - HQ_IMPORT_EXPORT,325376,-366,1310,-9999
09/17/2023 08:35,SCH - NE - NY,23318,195.78,1400,-1600
09/17/2023 08:35,SCH - NPX_1385,325277,25,200,-200
09/17/2023 08:35,SCH - NPX_CSC,325154,0,0,0
09/17/2023 08:35,SCH - OH - NY,23317,-0.01,1750,-1200
09/17/2023 08:35,SCH - PJ - NY,23316,859.55,2200,-1200
09/17/2023 08:35,SCH - PJM_HTP,325905,350,660,-660
09/17/2023 08:35,SCH - PJM_NEPTUNE,325305,660,660,-660
09/17/2023 08:35,SCH - PJM_VFT,325658,315,315,-315
09/17/2023 08:35,SPR/DUN-SOUTH,23320,1459.35,4350,-9999
09/17/2023 08:35,TOTAL EAST,23314,2033.52,6150,-9999
09/17/2023 08:35,UPNY CONED,23315,2655.38,5905,-9999
09/17/2023 08:35,WEST CENTRAL,23312,-267.49,9999,-9999
09/17/2023 08:40,CENTRAL EAST - VC,23330,586.83,1360,-9999
09/17/2023 08:40,DYSINGER EAST,23326,15.83,3200,-9999
09/17/2023 08:40,MOSES SOUTH,23319,-64.1,3000,-1600
09/17/2023 08:40,SCH - HQ - NY,23324,-366,1500,-425
09/17/2023 08:40,SCH - HQ_CEDARS,325274,0,200,0
09/17/2023 08:40,SCH - HQ_IMPORT_EXPORT,325376,-366,1310,-9999
09/17/2023 08:40,SCH - NE - NY,23318,196.69,1400,-1600
09/17/2023 08:40,SCH - NPX_1385,325277,25,200,-200
09/17/2023 08:40,SCH - NPX_CSC,325154,0,0,0
09/17/2023 08:40,SCH - OH - NY,23317,0.01,1750,-1200
09/17/2023 08:40,SCH - PJ - NY,23316,858.52,2200,-1200
09/17/2023 08:40,SCH - PJM_HTP,325905,350,660,-660
09/17/2023 08:40,SCH - PJM_NEPTUNE,325305,660,660,-660
09/17/2023 08:40,SCH - PJM_VFT,325658,315,315,-315
09/17/2023 08:40,SPR/DUN-SOUTH,23320,1425.87,4350,-9999
09/17/2023 08:40,TOTAL EAST,23314,1996.43,6150,-9999
09/17/2023 08:40,UPNY CONED,23315,2634.69,5905,-9999
09/17/2023 08:40,WEST CENTRAL,23312,-255.71,9999,-9999
09/17/2023 08:45,CENTRAL EAST - VC,23330,560.49,1360,-9999
09/17/2023 08:45,DYSINGER EAST,23326,-35.88,3200,-9999
09/17/2023 08:45,MOSES SOUTH,23319,-68.52,3000,-1600
09/17/2023 08:45,SCH - HQ - NY,23324,-366,1500,-425
09/17/2023 08:45,SCH - HQ_CEDARS,325274,0,200,0
09/17/2023 08:45,SCH - HQ_IMPORT_EXPORT,325376,-366,1310,-9999
09/17/2023 08:45,SCH - NE - NY,23318,226.28,1400,-1600
09/17/2023 08:45,SCH - NPX_1385,325277,25,200,-200
09/17/2023 08:45,SCH - NPX_CSC,325154,0,0,0
09/17/2023 08:45,SCH - OH - NY,23317,0.01,1750,-1200
09/17/2023 08:45,SCH - PJ - NY,23316,861.06,2200,-1200
09/17/2023 08:45,SCH - PJM_HTP,325905,350,660,-660
09/17/2023 08:45,SCH - PJM_NEPTUNE,325305,660,660,-660
09/17/2023 08:45,SCH - PJM_VFT,325658,315,315,-315
09/17/2023 08:45,SPR/DUN-SOUTH,23320,1422.76,4350,-9999
09/17/2023 08:45,TOTAL EAST,23314,1943.99,6150,-9999
09/17/2023 08:45,UPNY CONED,23315,2633.31,5905,-9999
09/17/2023 08:45,WEST CENTRAL,23312,-309.07,9999,-9999
09/17/2023 08:50,CENTRAL EAST - VC,23330,563.75,1360,-9999
09/17/2023 08:50,DYSINGER EAST,23326,-17.28,3200,-9999
09/17/2023 08:50,MOSES SOUTH,23319,-87.45,3000,-1600
09/17/2023 08:50,SCH - HQ - NY,23324,-366,1500,-425
09/17/2023 08:50,SCH - HQ_CEDARS,325274,0,200,0
09/17/2023 08:50,SCH - HQ_IMPORT_EXPORT,325376,-366,1310,-9999
09/17/2023 08:50,SCH - NE - NY,23318,257.02,1400,-1600
09/17/2023 08:50,SCH - NPX_1385,325277,25,200,-200
09/17/2023 08:50,SCH - NPX_CSC,325154,0,0,0
09/17/2023 08:50,SCH - OH - NY,23317,0.01,1750,-1200
09/17/2023 08:50,SCH - PJ - NY,23316,858.35,2200,-1200
09/17/2023 08:50,SCH - PJM_HTP,325905,350,660,-660
09/17/2023 08:50,SCH - PJM_NEPTUNE,325305,660,660,-660
09/17/2023 08:50,SCH - PJM_VFT,325658,315,315,-315
09/17/2023 08:50,SPR/DUN-SOUTH,23320,1455.89,4350,-9999
09/17/2023 08:50,TOTAL EAST,23314,1919.28,6150,-9999
09/17/2023 08:50,UPNY CONED,23315,2641.45,5905,-9999
09/17/2023 08:50,WEST CENTRAL,23312,-294.17,9999,-9999
09/17/2023 08:55,CENTRAL EAST - VC,23330,516.83,1360,-9999
09/17/2023 08:55,DYSINGER EAST,23326,-41.08,3200,-9999
09/17/2023 08:55,MOSES SOUTH,23319,-96.47,3000,-1600
09/17/2023 08:55,SCH - HQ - NY,23324,-366,1500,-425
09/17/2023 08:55,SCH - HQ_CEDARS,325274,0,200,0
09/17/2023 08:55,SCH - HQ_IMPORT_EXPORT,325376,-366,1310,-9999
09/17/2023 08:55,SCH - NE - NY,23318,258.42,1400,-1600
09/17/2023 08:55,SCH - NPX_1385,325277,25,200,-200
09/17/2023 08:55,SCH - NPX_CSC,325154,0,0,0
09/17/2023 08:55,SCH - OH - NY,23317,0,1750,-1200
09/17/2023 08:55,SCH - PJ - NY,23316,857.87,2200,-1200
09/17/2023 08:55,SCH - PJM_HTP,325905,350,660,-660
09/17/2023 08:55,SCH - PJM_NEPTUNE,325305,660,660,-660
09/17/2023 08:55,SCH - PJM_VFT,325658,315,315,-315
09/17/2023 08:55,SPR/DUN-SOUTH,23320,1455.92,4350,-9999
09/17/2023 08:55,TOTAL EAST,23314,1909.68,6150,-9999
09/17/2023 08:55,UPNY CONED,23315,2651.31,5905,-9999
09/17/2023 08:55,WEST CENTRAL,23312,-319.55,9999,-9999
09/17/2023 09:00,CENTRAL EAST - VC,23330,488.52,1360,-9999
09/17/2023 09:00,DYSINGER EAST,23326,-72.67,3200,-9999
09/17/2023 09:00,MOSES SOUTH,23319,-116.33,3000,-1600
09/17/2023 09:00,SCH - HQ - NY,23324,-366,1500,-425
09/17/2023 09:00,SCH - HQ_CEDARS,325274,0,200,0
09/17/2023 09:00,SCH - HQ_IMPORT_EXPORT,325376,-366,1310,-9999
09/17/2023 09:00,SCH - NE - NY,23318,299.75,1400,-1600
09/17/2023 09:00,SCH - NPX_1385,325277,64,200,-200
09/17/2023 09:00,SCH - NPX_CSC,325154,0,0,0
09/17/2023 09:00,SCH - OH - NY,23317,-43.99,1750,-1200
09/17/2023 09:00,SCH - PJ - NY,23316,902.45,2200,-1200
09/17/2023 09:00,SCH - PJM_HTP,325905,350,660,-660
09/17/2023 09:00,SCH - PJM_NEPTUNE,325305,660,660,-660
09/17/2023 09:00,SCH - PJM_VFT,325658,315,315,-315
09/17/2023 09:00,SPR/DUN-SOUTH,23320,1388.56,4350,-9999
09/17/2023 09:00,TOTAL EAST,23314,1895.41,6150,-9999
09/17/2023 09:00,UPNY CONED,23315,2560.65,5905,-9999
09/17/2023 09:00,WEST CENTRAL,23312,-350.97,9999,-9999
09/17/2023 09:05,CENTRAL EAST - VC,23330,469.32,1360,-9999
09/17/2023 09:05,DYSINGER EAST,23326,-111.32,3200,-9999
09/17/2023 09:05,MOSES SOUTH,23319,-124.83,3000,-1600
09/17/2023 09:05,SCH - HQ - NY,23324,-366,1500,-425
09/17/2023 09:05,SCH - HQ_CEDARS,325274,0,200,0
09/17/2023 09:05,SCH - HQ_IMPORT_EXPORT,325376,-366,1310,-9999
09/17/2023 09:05,SCH - NE - NY,23318,341.73,1400,-1600
09/17/2023 09:05,SCH - NPX_1385,325277,104,200,-200
09/17/2023 09:05,SCH - NPX_CSC,325154,0,0,0
09/17/2023 09:05,SCH - OH - NY,23317,-87.98,1750,-1200
09/17/2023 09:05,SCH - PJ - NY,23316,949.63,2200,-1200
09/17/2023 09:05,SCH - PJM_HTP,325905,350,660,-660
09/17/2023 09:05,SCH - PJM_NEPTUNE,325305,660,660,-660
09/17/2023 09:05,SCH - PJM_VFT,325658,315,315,-315
09/17/2023 09:05,SPR/DUN-SOUTH,23320,1406.28,4350,-9999
09/17/2023 09:05,TOTAL EAST,23314,1862.82,6150,-9999
09/17/2023 09:05,UPNY CONED,23315,2556.14,5905,-9999
09/17/2023 09:05,WEST CENTRAL,23312,-389.16,9999,-9999
09/17/2023 09:10,CENTRAL EAST - VC,23330,533.38,1360,-9999
09/17/2023 09:10,DYSINGER EAST,23326,-86.81,3200,-9999
09/17/2023 09:10,MOSES SOUTH,23319,-85.16,3000,-1600
09/17/2023 09:10,SCH - HQ - NY,23324,-366,1500,-425
09/17/2023 09:10,SCH - HQ_CEDARS,325274,0,200,0
09/17/2023 09:10,SCH - HQ_IMPORT_EXPORT,325376,-366,1310,-9999
09/17/2023 09:10,SCH - NE - NY,23318,343.97,1400,-1600
09/17/2023 09:10,SCH - NPX_1385,325277,104,200,-200
09/17/2023 09:10,SCH - NPX_CSC,325154,0,0,0
09/17/2023 09:10,SCH - OH - NY,23317,-87.94,1750,-1200
09/17/2023 09:10,SCH - PJ - NY,23316,947.65,2200,-1200
09/17/2023 09:10,SCH - PJM_HTP,325905,350,660,-660
09/17/2023 09:10,SCH - PJM_NEPTUNE,325305,660,660,-660
09/17/2023 09:10,SCH - PJM_VFT,325658,315,315,-315
09/17/2023 09:10,SPR/DUN-SOUTH,23320,1475.21,4350,-9999
09/17/2023 09:10,TOTAL EAST,23314,1848.24,6150,-9999
09/17/2023 09:10,UPNY CONED,23315,2633.52,5905,-9999
09/17/2023 09:10,WEST CENTRAL,23312,-362.31,9999,-9999
09/17/2023 09:15,CENTRAL EAST - VC,23330,571.32,1360,-9999
09/17/2023 09:15,DYSINGER EAST,23326,8.4,3200,-9999
09/17/2023 09:15,MOSES SOUTH,23319,-72.47,3000,-1600
09/17/2023 09:15,SCH - HQ - NY,23324,-366,1500,-425
09/17/2023 09:15,SCH - HQ_CEDARS,325274,0,200,0
09/17/2023 09:15,SCH - HQ_IMPORT_EXPORT,325376,-366,1310,-9999
09/17/2023 09:15,SCH - NE - NY,23318,355.51,1400,-1600
09/17/2023 09:15,SCH - NPX_1385,325277,104,200,-200
09/17/2023 09:15,SCH - NPX_CSC,325154,0,0,0
09/17/2023 09:15,SCH - OH - NY,23317,-84.54,1750,-1200
09/17/2023 09:15,SCH - PJ - NY,23316,943.5,2200,-1200
09/17/2023 09:15,SCH - PJM_HTP,325905,350,660,-660
09/17/2023 09:15,SCH - PJM_NEPTUNE,325305,660,660,-660
09/17/2023 09:15,SCH - PJM_VFT,325658,315,315,-315
09/17/2023 09:15,SPR/DUN-SOUTH,23320,1497.49,4350,-9999
09/17/2023 09:15,TOTAL EAST,23314,1873.54,6150,-9999
09/17/2023 09:15,UPNY CONED,23315,2656.63,5905,-9999
09/17/2023 09:15,WEST CENTRAL,23312,-263.66,9999,-9999
09/17/2023 09:20,CENTRAL EAST - VC,23330,530.95,1360,-9999
09/17/2023 09:20,DYSINGER EAST,23326,-15.2,3200,-9999
09/17/2023 09:20,MOSES SOUTH,23319,-73.05,3000,-1600
09/17/2023 09:20,SCH - HQ - NY,23324,-366,1500,-425
09/17/2023 09:20,SCH - HQ_CEDARS,325274,0,200,0
09/17/2023 09:20,SCH - HQ_IMPORT_EXPORT,325376,-366,1310,-9999
09/17/2023 09:20,SCH - NE - NY,23318,370.61,1400,-1600
09/17/2023 09:20,SCH - NPX_1385,325277,104,200,-200
09/17/2023 09:20,SCH - NPX_CSC,325154,0,0,0
09/17/2023 09:20,SCH - OH - NY,23317,-83.66,1750,-1200
09/17/2023 09:20,SCH - PJ - NY,23316,940.38,2200,-1200
09/17/2023 09:20,SCH - PJM_HTP,325905,350,660,-660
09/17/2023 09:20,SCH - PJM_NEPTUNE,325305,660,660,-660
09/17/2023 09:20,SCH - PJM_VFT,325658,315,315,-315
09/17/2023 09:20,SPR/DUN-SOUTH,23320,1497.52,4350,-9999
09/17/2023 09:20,TOTAL EAST,23314,1881.51,6150,-9999
09/17/2023 09:20,UPNY CONED,23315,2648.09,5905,-9999
09/17/2023 09:20,WEST CENTRAL,23312,-288.94,9999,-9999
09/17/2023 09:25,CENTRAL EAST - VC,23330,520.27,1360,-9999
09/17/2023 09:25,DYSINGER EAST,23326,-7.57,3200,-9999
09/17/2023 09:25,MOSES SOUTH,23319,-51.63,3000,-1600
09/17/2023 09:25,SCH - HQ - NY,23324,-366,1500,-425
09/17/2023 09:25,SCH - HQ_CEDARS,325274,0,200,0
09/17/2023 09:25,SCH - HQ_IMPORT_EXPORT,325376,-366,1310,-9999
09/17/2023 09:25,SCH - NE - NY,23318,370.52,1400,-1600
09/17/2023 09:25,SCH - NPX_1385,325277,104,200,-200
09/17/2023 09:25,SCH - NPX_CSC,325154,0,0,0
09/17/2023 09:25,SCH - OH - NY,23317,-84.3,1750,-1200
09/17/2023 09:25,SCH - PJ - NY,23316,939.01,2200,-1200
09/17/2023 09:25,SCH - PJM_HTP,325905,350,660,-660
09/17/2023 09:25,SCH - PJM_NEPTUNE,325305,660,660,-660
09/17/2023 09:25,SCH - PJM_VFT,325658,315,315,-315
09/17/2023 09:25,SPR/DUN-SOUTH,23320,1506.02,4350,-9999
09/17/2023 09:25,TOTAL EAST,23314,1880.07,6150,-9999
09/17/2023 09:25,UPNY CONED,23315,2654.87,5905,-9999
09/17/2023 09:25,WEST CENTRAL,23312,-277.36,9999,-9999
09/17/2023 09:30,CENTRAL EAST - VC,23330,518.37,1360,-9999
09/17/2023 09:30,DYSINGER EAST,23326,-28.71,3200,-9999
09/17/2023 09:30,MOSES SOUTH,23319,-70.27,3000,-1600
09/17/2023 09:30,SCH - HQ - NY,23324,-366,1500,-425
09/17/2023 09:30,SCH - HQ_CEDARS,325274,0,200,0
09/17/2023 09:30,SCH - HQ_IMPORT_EXPORT,325376,-366,1310,-9999
09/17/2023 09:30,SCH - NE - NY,23318,375.77,1400,-1600
09/17/2023 09:30,SCH - NPX_1385,325277,104,200,-200
09/17/2023 09:30,SCH - NPX_CSC,325154,0,0,0
09/17/2023 09:30,SCH - OH - NY,23317,-83.34,1750,-1200
09/17/2023 09:30,SCH - PJ - NY,23316,940.94,2200,-1200
09/17/2023 09:30,SCH - PJM_HTP,325905,350,660,-660
09/17/2023 09:30,SCH - PJM_NEPTUNE,325305,660,660,-660
09/17/2023 09:30,SCH - PJM_VFT,325658,315,315,-315
09/17/2023 09:30,SPR/DUN-SOUTH,23320,1532.88,4350,-9999
09/17/2023 09:30,TOTAL EAST,23314,1875.98,6150,-9999
09/17/2023 09:30,UPNY CONED,23315,2680.41,5905,-9999
09/17/2023 09:30,WEST CENTRAL,23312,-287.49,9999,-9999
09/17/2023 09:35,CENTRAL EAST - VC,23330,516.63,1360,-9999
09/17/2023 09:35,DYSINGER EAST,23326,-3.97,3200,-9999
09/17/2023 09:35,MOSES SOUTH,23319,-63.48,3000,-1600
09/17/2023 09:35,SCH - HQ - NY,23324,-366,1500,-425
09/17/2023 09:35,SCH - HQ_CEDARS,325274,0,200,0
09/17/2023 09:35,SCH - HQ_IMPORT_EXPORT,325376,-366,1310,-9999
09/17/2023 09:35,SCH - NE - NY,23318,380.88,1400,-1600
09/17/2023 09:35,SCH - NPX_1385,325277,104,200,-200
09/17/2023 09:35,SCH - NPX_CSC,325154,0,0,0
09/17/2023 09:35,SCH - OH - NY,23317,-83.9,1750,-1200
09/17/2023 09:35,SCH - PJ - NY,23316,941.32,2200,-1200
09/17/2023 09:35,SCH - PJM_HTP,325905,350,660,-660
09/17/2023 09:35,SCH - PJM_NEPTUNE,325305,660,660,-660
09/17/2023 09:35,SCH - PJM_VFT,325658,315,315,-315
09/17/2023 09:35,SPR/DUN-SOUTH,23320,1535.64,4350,-9999
09/17/2023 09:35,TOTAL EAST,23314,1866.14,6150,-9999
09/17/2023 09:35,UPNY CONED,23315,2689.35,5905,-9999
09/17/2023 09:35,WEST CENTRAL,23312,-252.38,9999,-9999
09/17/2023 09:40,CENTRAL EAST - VC,23330,548.01,1360,-9999
09/17/2023 09:40,DYSINGER EAST,23326,35.77,3200,-9999
09/17/2023 09:40,MOSES SOUTH,23319,-22.76,3000,-1600
09/17/2023 09:40,SCH - HQ - NY,23324,-366,1500,-425
09/17/2023 09:40,SCH - HQ_CEDARS,325274,0,200,0
09/17/2023 09:40,SCH - HQ_IMPORT_EXPORT,325376,-366,1310,-9999
09/17/2023 09:40,SCH - NE - NY,23318,375.81,1400,-1600
09/17/2023 09:40,SCH - NPX_1385,325277,104,200,-200
09/17/2023 09:40,SCH - NPX_CSC,325154,0,0,0
09/17/2023 09:40,SCH - OH - NY,23317,-84.32,1750,-1200
09/17/2023 09:40,SCH - PJ - NY,23316,945.78,2200,-1200
09/17/2023 09:40,SCH - PJM_HTP,325905,350,660,-660
09/17/2023 09:40,SCH - PJM_NEPTUNE,325305,660,660,-660
09/17/2023 09:40,SCH - PJM_VFT,325658,315,315,-315
09/17/2023 09:40,SPR/DUN-SOUTH,23320,1578.98,4350,-9999
09/17/2023 09:40,TOTAL EAST,23314,1858.05,6150,-9999
09/17/2023 09:40,UPNY CONED,23315,2728.21,5905,-9999
09/17/2023 09:40,WEST CENTRAL,23312,-214.14,9999,-9999
09/17/2023 09:45,CENTRAL EAST - VC,23330,529.28,1360,-9999
09/17/2023 09:45,DYSINGER EAST,23326,36.02,3200,-9999
09/17/2023 09:45,MOSES SOUTH,23319,-38.29,3000,-1600
09/17/2023 09:45,SCH - HQ - NY,23324,-366,1500,-425
09/17/2023 09:45,SCH - HQ_CEDARS,325274,0,200,0
09/17/2023 09:45,SCH - HQ_IMPORT_EXPORT,325376,-366,1310,-9999
09/17/2023 09:45,SCH - NE - NY,23318,402.81,1400,-1600
09/17/2023 09:45,SCH - NPX_1385,325277,104,200,-200
09/17/2023 09:45,SCH - NPX_CSC,325154,0,0,0
09/17/2023 09:45,SCH - OH - NY,23317,-83.66,1750,-1200
09/17/2023 09:45,SCH - PJ - NY,23316,946.15,2200,-1200
09/17/2023 09:45,SCH - PJM_HTP,325905,350,660,-660
09/17/2023 09:45,SCH - PJM_NEPTUNE,325305,660,660,-660
09/17/2023 09:45,SCH - PJM_VFT,325658,315,315,-315
09/17/2023 09:45,SPR/DUN-SOUTH,23320,1581.68,4350,-9999
09/17/2023 09:45,TOTAL EAST,23314,1842.65,6150,-9999
09/17/2023 09:45,UPNY CONED,23315,2746.55,5905,-9999
09/17/2023 09:45,WEST CENTRAL,23312,-226.03,9999,-9999
09/17/2023 09:50,CENTRAL EAST - VC,23330,567.23,1360,-9999
09/17/2023 09:50,DYSINGER EAST,23326,88.86,3200,-9999
09/17/2023 09:50,MOSES SOUTH,23319,-42.51,3000,-1600
09/17/2023 09:50,SCH - HQ - NY,23324,-366,1500,-425
09/17/2023 09:50,SCH - HQ_CEDARS,325274,0,200,0
09/17/2023 09:50,SCH - HQ_IMPORT_EXPORT,325376,-366,1310,-9999
09/17/2023 09:50,SCH - NE - NY,23318,430.81,1400,-1600
09/17/2023 09:50,SCH - NPX_1385,325277,104,200,-200
09/17/2023 09:50,SCH - NPX_CSC,325154,0,0,0
09/17/2023 09:50,SCH - OH - NY,23317,-84.88,1750,-1200
09/17/2023 09:50,SCH - PJ - NY,23316,946.56,2200,-1200
09/17/2023 09:50,SCH - PJM_HTP,325905,350,660,-660
09/17/2023 09:50,SCH - PJM_NEPTUNE,325305,660,660,-660
09/17/2023 09:50,SCH - PJM_VFT,325658,315,315,-315
09/17/2023 09:50,SPR/DUN-SOUTH,23320,1631.99,4350,-9999
09/17/2023 09:50,TOTAL EAST,23314,1817.16,6150,-9999
09/17/2023 09:50,UPNY CONED,23315,2782.55,5905,-9999
09/17/2023 09:50,WEST CENTRAL,23312,-177.36,9999,-9999
09/17/2023 09:55,CENTRAL EAST - VC,23330,557.57,1360,-9999
09/17/2023 09:55,DYSINGER EAST,23326,82.76,3200,-9999
09/17/2023 09:55,MOSES SOUTH,23319,-34.94,3000,-1600
09/17/2023 09:55,SCH - HQ - NY,23324,-366,1500,-425
09/17/2023 09:55,SCH - HQ_CEDARS,325274,0,200,0
09/17/2023 09:55,SCH - HQ_IMPORT_EXPORT,325376,-366,1310,-9999
09/17/2023 09:55,SCH - NE - NY,23318,430.81,1400,-1600
09/17/2023 09:55,SCH - NPX_1385,325277,104,200,-200
09/17/2023 09:55,SCH - NPX_CSC,325154,0,0,0
09/17/2023 09:55,SCH - OH - NY,23317,-84.98,1750,-1200
09/17/2023 09:55,SCH - PJ - NY,23316,943.5,2200,-1200
09/17/2023 09:55,SCH - PJM_HTP,325905,350,660,-660
09/17/2023 09:55,SCH - PJM_NEPTUNE,325305,660,660,-660
09/17/2023 09:55,SCH - PJM_VFT,325658,315,315,-315
09/17/2023 09:55,SPR/DUN-SOUTH,23320,1649.74,4350,-9999
09/17/2023 09:55,TOTAL EAST,23314,1831.26,6150,-9999
09/17/2023 09:55,UPNY CONED,23315,2817.1,5905,-9999
09/17/2023 09:55,WEST CENTRAL,23312,-175.57,9999,-9999
09/17/2023 10:00,CENTRAL EAST - VC,23330,622.65,1360,-9999
09/17/2023 10:00,DYSINGER EAST,23326,140.66,3200,-9999
09/17/2023 10:00,MOSES SOUTH,23319,-24.22,3000,-1600
09/17/2023 10:00,SCH - HQ - NY,23324,-366,1500,-425
09/17/2023 10:00,SCH - HQ_CEDARS,325274,0,200,0
09/17/2023 10:00,SCH - HQ_IMPORT_EXPORT,325376,-366,1310,-9999
09/17/2023 10:00,SCH - NE - NY,23318,455.8,1400,-1600
09/17/2023 10:00,SCH - NPX_1385,325277,110,200,-200
09/17/2023 10:00,SCH - NPX_CSC,325154,0,0,0
09/17/2023 10:00,SCH - OH - NY,23317,-91.72,1750,-1200
09/17/2023 10:00,SCH - PJ - NY,23316,1093.25,2200,-1200
09/17/2023 10:00,SCH - PJM_HTP,325905,350,660,-660
09/17/2023 10:00,SCH - PJM_NEPTUNE,325305,660,660,-660
09/17/2023 10:00,SCH - PJM_VFT,325658,315,315,-315
09/17/2023 10:00,SPR/DUN-SOUTH,23320,1746.88,4350,-9999
09/17/2023 10:00,TOTAL EAST,23314,2033.11,6150,-9999
09/17/2023 10:00,UPNY CONED,23315,2870.48,5905,-9999
09/17/2023 10:00,WEST CENTRAL,23312,-89.83,9999,-9999
09/17/2023 10:05,CENTRAL EAST - VC,23330,721.13,1360,-9999
09/17/2023 10:05,DYSINGER EAST,23326,167.41,3200,-9999
09/17/2023 10:05,MOSES SOUTH,23319,5.19,3000,-1600
09/17/2023 10:05,SCH - HQ - NY,23324,-366,1500,-425
09/17/2023 10:05,SCH - HQ_CEDARS,325274,0,200,0
09/17/2023 10:05,SCH - HQ_IMPORT_EXPORT,325376,-366,1310,-9999
09/17/2023 10:05,SCH - NE - NY,23318,480.81,1400,-1600
09/17/2023 10:05,SCH - NPX_1385,325277,114,200,-200
09/17/2023 10:05,SCH - NPX_CSC,325154,0,0,0
09/17/2023 10:05,SCH - OH - NY,23317,-98.29,1750,-1200
09/17/2023 10:05,SCH - PJ - NY,23316,1242.95,2200,-1200
09/17/2023 10:05,SCH - PJM_HTP,325905,350,660,-660
09/17/2023 10:05,SCH - PJM_NEPTUNE,325305,660,660,-660
09/17/2023 10:05,SCH - PJM_VFT,325658,315,315,-315
09/17/2023 10:05,SPR/DUN-SOUTH,23320,1833.9,4350,-9999
09/17/2023 10:05,TOTAL EAST,23314,2157.23,6150,-9999
09/17/2023 10:05,UPNY CONED,23315,2960.73,5905,-9999
09/17/2023 10:05,WEST CENTRAL,23312,-55.41,9999,-9999
09/17/2023 10:10,CENTRAL EAST - VC,23330,700.26,1380,-9999
09/17/2023 10:10,DYSINGER EAST,23326,116.66,3200,-9999
09/17/2023 10:10,MOSES SOUTH,23319,-11.36,3000,-1600
09/17/2023 10:10,SCH - HQ - NY,23324,-366,1500,-425
09/17/2023 10:10,SCH - HQ_CEDARS,325274,0,200,0
09/17/2023 10:10,SCH - HQ_IMPORT_EXPORT,325376,-366,1310,-9999
09/17/2023 10:10,SCH - NE - NY,23318,480.81,1400,-1600
09/17/2023 10:10,SCH - NPX_1385,325277,114,200,-200
09/17/2023 10:10,SCH - NPX_CSC,325154,0,0,0
09/17/2023 10:10,SCH - OH - NY,23317,-97.06,1750,-1200
09/17/2023 10:10,SCH - PJ - NY,23316,1244.09,2200,-1200
09/17/2023 10:10,SCH - PJM_HTP,325905,350,660,-660
09/17/2023 10:10,SCH - PJM_NEPTUNE,325305,660,660,-660
09/17/2023 10:10,SCH - PJM_VFT,325658,315,315,-315
09/17/2023 10:10,SPR/DUN-SOUTH,23320,1810.32,4350,-9999
09/17/2023 10:10,TOTAL EAST,23314,2164.83,6150,-9999
09/17/2023 10:10,UPNY CONED,23315,2927.09,5905,-9999
09/17/2023 10:10,WEST CENTRAL,23312,-115.82,9999,-9999
09/17/2023 10:15,CENTRAL EAST - VC,23330,671.24,1380,-9999
09/17/2023 10:15,DYSINGER EAST,23326,166.64,3200,-9999
09/17/2023 10:15,MOSES SOUTH,23319,28.49,3000,-1600
09/17/2023 10:15,SCH - HQ - NY,23324,-366,1500,-425
09/17/2023 10:15,SCH - HQ_CEDARS,325274,0,200,0
09/17/2023 10:15,SCH - HQ_IMPORT_EXPORT,325376,-366,1310,-9999
09/17/2023 10:15,SCH - NE - NY,23318,480.81,1400,-1600
09/17/2023 10:15,SCH - NPX_1385,325277,114,200,-200
09/17/2023 10:15,SCH - NPX_CSC,325154,0,0,0
09/17/2023 10:15,SCH - OH - NY,23317,-98.93,1750,-1200
09/17/2023 10:15,SCH - PJ - NY,23316,1246.39,2200,-1200
09/17/2023 10:15,SCH - PJM_HTP,325905,350,660,-660
09/17/2023 10:15,SCH - PJM_NEPTUNE,325305,660,660,-660
09/17/2023 10:15,SCH - PJM_VFT,325658,315,315,-315
09/17/2023 10:15,SPR/DUN-SOUTH,23320,1787.42,4350,-9999
09/17/2023 10:15,TOTAL EAST,23314,2169.23,6150,-9999
09/17/2023 10:15,UPNY CONED,23315,2917.71,5905,-9999
09/17/2023 10:15,WEST CENTRAL,23312,-69.92,9999,-9999
09/17/2023 10:20,CENTRAL EAST - VC,23330,634.57,1380,-9999
09/17/2023 10:20,DYSINGER EAST,23326,99.73,3200,-9999
09/17/2023 10:20,MOSES SOUTH,23319,5.49,3000,-1600
09/17/2023 10:20,SCH - HQ - NY,23324,-366,1500,-425
09/17/2023 10:20,SCH - HQ_CEDARS,325274,0,200,0
09/17/2023 10:20,SCH - HQ_IMPORT_EXPORT,325376,-366,1310,-9999
09/17/2023 10:20,SCH - NE - NY,23318,480.81,1400,-1600
09/17/2023 10:20,SCH - NPX_1385,325277,114,200,-200
09/17/2023 10:20,SCH - NPX_CSC,325154,0,0,0
09/17/2023 10:20,SCH - OH - NY,23317,-97.67,1750,-1200
09/17/2023 10:20,SCH - PJ - NY,23316,1243.16,2200,-1200
09/17/2023 10:20,SCH - PJM_HTP,325905,350,660,-660
09/17/2023 10:20,SCH - PJM_NEPTUNE,325305,660,660,-660
09/17/2023 10:20,SCH - PJM_VFT,325658,315,315,-315
09/17/2023 10:20,SPR/DUN-SOUTH,23320,1777.23,4350,-9999
09/17/2023 10:20,TOTAL EAST,23314,2153.63,6150,-9999
09/17/2023 10:20,UPNY CONED,23315,2901.55,5905,-9999
09/17/2023 10:20,WEST CENTRAL,23312,-134.32,9999,-9999
09/17/2023 10:25,CENTRAL EAST - VC,23330,660.82,1380,-9999
09/17/2023 10:25,DYSINGER EAST,23326,79.38,3200,-9999
09/17/2023 10:25,MOSES SOUTH,23319,1.77,3000,-1600
09/17/2023 10:25,SCH - HQ - NY,23324,-366,1500,-425
09/17/2023 10:25,SCH - HQ_CEDARS,325274,0,200,0
09/17/2023 10:25,SCH - HQ_IMPORT_EXPORT,325376,-366,1310,-9999
09/17/2023 10:25,SCH - NE - NY,23318,480.81,1400,-1600
09/17/2023 10:25,SCH - NPX_1385,325277,114,200,-200
09/17/2023 10:25,SCH - NPX_CSC,325154,0,0,0
09/17/2023 10:25,SCH - OH - NY,23317,-96.85,1750,-1200
09/17/2023 10:25,SCH - PJ - NY,23316,1243.73,2200,-1200
09/17/2023 10:25,SCH - PJM_HTP,325905,350,660,-660
09/17/2023 10:25,SCH - PJM_NEPTUNE,325305,660,660,-660
09/17/2023 10:25,SCH - PJM_VFT,325658,315,315,-315
09/17/2023 10:25,SPR/DUN-SOUTH,23320,1814.73,4350,-9999
09/17/2023 10:25,TOTAL EAST,23314,2160.25,6150,-9999
09/17/2023 10:25,UPNY CONED,23315,2930.04,5905,-9999
09/17/2023 10:25,WEST CENTRAL,23312,-137.5,9999,-9999
09/17/2023 10:30,CENTRAL EAST - VC,23330,635.28,1380,-9999
09/17/2023 10:30,DYSINGER EAST,23326,112.07,3200,-9999
09/17/2023 10:30,MOSES SOUTH,23319,3.1,3000,-1600
09/17/2023 10:30,SCH - HQ - NY,23324,-366,1500,-425
09/17/2023 10:30,SCH - HQ_CEDARS,325274,0,200,0
09/17/2023 10:30,SCH - HQ_IMPORT_EXPORT,325376,-366,1310,-9999
09/17/2023 10:30,SCH - NE - NY,23318,480.81,1400,-1600
09/17/2023 10:30,SCH - NPX_1385,325277,114,200,-200
09/17/2023 10:30,SCH - NPX_CSC,325154,0,0,0
09/17/2023 10:30,SCH - OH - NY,23317,-97.66,1750,-1200
09/17/2023 10:30,SCH - PJ - NY,23316,1243.18,2200,-1200
09/17/2023 10:30,SCH - PJM_HTP,325905,350,660,-660
09/17/2023 10:30,SCH - PJM_NEPTUNE,325305,660,660,-660
09/17/2023 10:30,SCH - PJM_VFT,325658,315,315,-315
09/17/2023 10:30,SPR/DUN-SOUTH,23320,1810.69,4350,-9999
09/17/2023 10:30,TOTAL EAST,23314,2154.21,6150,-9999
09/17/2023 10:30,UPNY CONED,23315,2915.54,5905,-9999
09/17/2023 10:30,WEST CENTRAL,23312,-94.67,9999,-9999
09/17/2023 10:35,CENTRAL EAST - VC,23330,661.85,1380,-9999
09/17/2023 10:35,DYSINGER EAST,23326,103.27,3200,-9999
09/17/2023 10:35,MOSES SOUTH,23319,-3.64,3000,-1600
09/17/2023 10:35,SCH - HQ - NY,23324,-366,1500,-425
09/17/2023 10:35,SCH - HQ_CEDARS,325274,0,200,0
09/17/2023 10:35,SCH - HQ_IMPORT_EXPORT,325376,-366,1310,-9999
09/17/2023 10:35,SCH - NE - NY,23318,480.81,1400,-1600
09/17/2023 10:35,SCH - NPX_1385,325277,114,200,-200
09/17/2023 10:35,SCH - NPX_CSC,325154,0,0,0
09/17/2023 10:35,SCH - OH - NY,23317,-97.32,1750,-1200
09/17/2023 10:35,SCH - PJ - NY,23316,1244.21,2200,-1200
09/17/2023 10:35,SCH - PJM_HTP,325905,350,660,-660
09/17/2023 10:35,SCH - PJM_NEPTUNE,325305,660,660,-660
09/17/2023 10:35,SCH - PJM_VFT,325658,315,315,-315
09/17/2023 10:35,SPR/DUN-SOUTH,23320,1794.08,4350,-9999
09/17/2023 10:35,TOTAL EAST,23314,2142.05,6150,-9999
09/17/2023 10:35,UPNY CONED,23315,2898.19,5905,-9999
09/17/2023 10:35,WEST CENTRAL,23312,-93.29,9999,-9999
09/17/2023 10:40,CENTRAL EAST - VC,23330,628.04,1380,-9999
09/17/2023 10:40,DYSINGER EAST,23326,68.01,3200,-9999
09/17/2023 10:40,MOSES SOUTH,23319,2.5,3000,-1600
09/17/2023 10:40,SCH - HQ - NY,23324,-366,1500,-425
09/17/2023 10:40,SCH - HQ_CEDARS,325274,0,200,0
09/17/2023 10:40,SCH - HQ_IMPORT_EXPORT,325376,-366,1310,-9999
09/17/2023 10:40,SCH - NE - NY,23318,480.81,1400,-1600
09/17/2023 10:40,SCH - NPX_1385,325277,114,200,-200
09/17/2023 10:40,SCH - NPX_CSC,325154,0,0,0
09/17/2023 10:40,SCH - OH - NY,23317,-96.89,1750,-1200
09/17/2023 10:40,SCH - PJ - NY,23316,1242.48,2200,-1200
09/17/2023 10:40,SCH - PJM_HTP,325905,350,660,-660
09/17/2023 10:40,SCH - PJM_NEPTUNE,325305,660,660,-660
09/17/2023 10:40,SCH - PJM_VFT,325658,315,315,-315
09/17/2023 10:40,SPR/DUN-SOUTH,23320,1736.93,4350,-9999
09/17/2023 10:40,TOTAL EAST,23314,2115.87,6150,-9999
09/17/2023 10:40,UPNY CONED,23315,2832.86,5905,-9999
09/17/2023 10:40,WEST CENTRAL,23312,-137.01,9999,-9999
09/17/2023 10:45,CENTRAL EAST - VC,23330,648.76,1380,-9999
09/17/2023 10:45,DYSINGER EAST,23326,106.68,3200,-9999
09/17/2023 10:45,MOSES SOUTH,23319,-2.18,3000,-1600
09/17/2023 10:45,SCH - HQ - NY,23324,-366,1500,-425
09/17/2023 10:45,SCH - HQ_CEDARS,325274,0,200,0
09/17/2023 10:45,SCH - HQ_IMPORT_EXPORT,325376,-366,1310,-9999
09/17/2023 10:45,SCH - NE - NY,23318,480.81,1400,-1600
09/17/2023 10:45,SCH - NPX_1385,325277,114,200,-200
09/17/2023 10:45,SCH - NPX_CSC,325154,0,0,0
09/17/2023 10:45,SCH - OH - NY,23317,-97.68,1750,-1200
09/17/2023 10:45,SCH - PJ - NY,23316,1244.09,2200,-1200
09/17/2023 10:45,SCH - PJM_HTP,325905,350,660,-660
09/17/2023 10:45,SCH - PJM_NEPTUNE,325305,660,660,-660
09/17/2023 10:45,SCH - PJM_VFT,325658,315,315,-315
09/17/2023 10:45,SPR/DUN-SOUTH,23320,1753.52,4350,-9999
09/17/2023 10:45,TOTAL EAST,23314,2136.82,6150,-9999
09/17/2023 10:45,UPNY CONED,23315,2866.14,5905,-9999
09/17/2023 10:45,WEST CENTRAL,23312,-105.05,9999,-9999
09/17/2023 10:50,CENTRAL EAST - VC,23330,654.71,1380,-9999
09/17/2023 10:50,DYSINGER EAST,23326,112.2,3200,-9999
09/17/2023 10:50,MOSES SOUTH,23319,-20.09,3000,-1600
09/17/2023 10:50,SCH - HQ - NY,23324,-366,1500,-425
09/17/2023 10:50,SCH - HQ_CEDARS,325274,0,200,0
09/17/2023 10:50,SCH - HQ_IMPORT_EXPORT,325376,-366,1310,-9999
09/17/2023 10:50,SCH - NE - NY,23318,480.81,1400,-1600
09/17/2023 10:50,SCH - NPX_1385,325277,114,200,-200
09/17/2023 10:50,SCH - NPX_CSC,325154,0,0,0
09/17/2023 10:50,SCH - OH - NY,23317,-97.35,1750,-1200
09/17/2023 10:50,SCH - PJ - NY,23316,1243.41,2200,-1200
09/17/2023 10:50,SCH - PJM_HTP,325905,350,660,-660
09/17/2023 10:50,SCH - PJM_NEPTUNE,325305,660,660,-660
09/17/2023 10:50,SCH - PJM_VFT,325658,315,315,-315
09/17/2023 10:50,SPR/DUN-SOUTH,23320,1751.08,4350,-9999
09/17/2023 10:50,TOTAL EAST,23314,2135.41,6150,-9999
09/17/2023 10:50,UPNY CONED,23315,2863.57,5905,-9999
09/17/2023 10:50,WEST CENTRAL,23312,-102.43,9999,-9999
09/17/2023 10:55,CENTRAL EAST - VC,23330,672.12,1380,-9999
09/17/2023 10:55,DYSINGER EAST,23326,144.21,3200,-9999
09/17/2023 10:55,MOSES SOUTH,23319,20.86,3000,-1600
09/17/2023 10:55,SCH - HQ - NY,23324,-366,1500,-425
09/17/2023 10:55,SCH - HQ_CEDARS,325274,0,200,0
09/17/2023 10:55,SCH - HQ_IMPORT_EXPORT,325376,-366,1310,-9999
09/17/2023 10:55,SCH - NE - NY,23318,480.81,1400,-1600
09/17/2023 10:55,SCH - NPX_1385,325277,114,200,-200
09/17/2023 10:55,SCH - NPX_CSC,325154,0,0,0
09/17/2023 10:55,SCH - OH - NY,23317,-98.53,1750,-1200
09/17/2023 10:55,SCH - PJ - NY,23316,1243.69,2200,-1200
09/17/2023 10:55,SCH - PJM_HTP,325905,350,660,-660
09/17/2023 10:55,SCH - PJM_NEPTUNE,325305,660,660,-660
09/17/2023 10:55,SCH - PJM_VFT,325658,315,315,-315
09/17/2023 10:55,SPR/DUN-SOUTH,23320,1767.43,4350,-9999
09/17/2023 10:55,TOTAL EAST,23314,2146.42,6150,-9999
09/17/2023 10:55,UPNY CONED,23315,2890.56,5905,-9999
09/17/2023 10:55,WEST CENTRAL,23312,-65.23,9999,-9999
09/17/2023 11:00,CENTRAL EAST - VC,23330,728.85,1380,-9999
09/17/2023 11:00,DYSINGER EAST,23326,206.3,3200,-9999
09/17/2023 11:00,MOSES SOUTH,23319,41.08,3000,-1600
09/17/2023 11:00,SCH - HQ - NY,23324,-366,1500,-425
09/17/2023 11:00,SCH - HQ_CEDARS,325274,0,200,0
09/17/2023 11:00,SCH - HQ_IMPORT_EXPORT,325376,-366,1310,-9999
09/17/2023 11:00,SCH - NE - NY,23318,521.82,1400,-1600
09/17/2023 11:00,SCH - NPX_1385,325277,119,200,-200
09/17/2023 11:00,SCH - NPX_CSC,325154,0,0,0
09/17/2023 11:00,SCH - OH - NY,23317,-99.57,1750,-1200
09/17/2023 11:00,SCH - PJ - NY,23316,1334.67,2200,-1200
09/17/2023 11:00,SCH - PJM_HTP,325905,425,660,-660
09/17/2023 11:00,SCH - PJM_NEPTUNE,325305,660,660,-660
09/17/2023 11:00,SCH - PJM_VFT,325658,315,315,-315
09/17/2023 11:00,SPR/DUN-SOUTH,23320,1873.35,4350,-9999
09/17/2023 11:00,TOTAL EAST,23314,2233.54,6150,-9999
09/17/2023 11:00,UPNY CONED,23315,2959.2,5905,-9999
09/17/2023 11:00,WEST CENTRAL,23312,-9.76,9999,-9999
09/17/2023 11:05,CENTRAL EAST - VC,23330,751.25,1380,-9999
09/17/2023 11:05,DYSINGER EAST,23326,201.06,3200,-9999
09/17/2023 11:05,MOSES SOUTH,23319,25.31,3000,-1600
09/17/2023 11:05,SCH - HQ - NY,23324,-366,1500,-425
09/17/2023 11:05,SCH - HQ_CEDARS,325274,0,200,0
09/17/2023 11:05,SCH - HQ_IMPORT_EXPORT,325376,-366,1310,-9999
09/17/2023 11:05,SCH - NE - NY,23318,562.83,1400,-1600
09/17/2023 11:05,SCH - NPX_1385,325277,124,200,-200
09/17/2023 11:05,SCH - NPX_CSC,325154,0,0,0
09/17/2023 11:05,SCH - OH - NY,23317,-99.62,1750,-1200
09/17/2023 11:05,SCH - PJ - NY,23316,1429.25,2200,-1200
09/17/2023 11:05,SCH - PJM_HTP,325905,500,660,-660
09/17/2023 11:05,SCH - PJM_NEPTUNE,325305,660,660,-660
09/17/2023 11:05,SCH - PJM_VFT,325658,315,315,-315
09/17/2023 11:05,SPR/DUN-SOUTH,23320,1859.62,4350,-9999
09/17/2023 11:05,TOTAL EAST,23314,2259.76,6150,-9999
09/17/2023 11:05,UPNY CONED,23315,2955.37,5905,-9999
09/17/2023 11:05,WEST CENTRAL,23312,-16.89,9999,-9999
09/17/2023 11:10,CENTRAL EAST - VC,23330,731.5,1380,-9999
09/17/2023 11:10,DYSINGER EAST,23326,193.44,3200,-9999
09/17/2023 11:10,MOSES SOUTH,23319,13.28,3000,-1600
09/17/2023 11:10,SCH - HQ - NY,23324,-366,1500,-425
09/17/2023 11:10,SCH - HQ_CEDARS,325274,0,200,0
09/17/2023 11:10,SCH - HQ_IMPORT_EXPORT,325376,-366,1310,-9999
09/17/2023 11:10,SCH - NE - NY,23318,562.6,1400,-1600
09/17/2023 11:10,SCH - NPX_1385,325277,124,200,-200
09/17/2023 11:10,SCH - NPX_CSC,325154,0,0,0
09/17/2023 11:10,SCH - OH - NY,23317,-98.86,1750,-1200
09/17/2023 11:10,SCH - PJ - NY,23316,1425.02,2200,-1200
09/17/2023 11:10,SCH - PJM_HTP,325905,500,660,-660
09/17/2023 11:10,SCH - PJM_NEPTUNE,325305,660,660,-660
09/17/2023 11:10,SCH - PJM_VFT,325658,315,315,-315
09/17/2023 11:10,SPR/DUN-SOUTH,23320,1845.62,4350,-9999
09/17/2023 11:10,TOTAL EAST,23314,2262.75,6150,-9999
09/17/2023 11:10,UPNY CONED,23315,2920.68,5905,-9999
09/17/2023 11:10,WEST CENTRAL,23312,-23.14,9999,-9999
09/17/2023 11:15,CENTRAL EAST - VC,23330,781.54,1380,-9999
09/17/2023 11:15,DYSINGER EAST,23326,221.63,3200,-9999
09/17/2023 11:15,MOSES SOUTH,23319,-6.8,3000,-1600
09/17/2023 11:15,SCH - HQ - NY,23324,-366,1500,-425
09/17/2023 11:15,SCH - HQ_CEDARS,325274,0,200,0
09/17/2023 11:15,SCH - HQ_IMPORT_EXPORT,325376,-366,1310,-9999
09/17/2023 11:15,SCH - NE - NY,23318,562.6,1400,-1600
09/17/2023 11:15,SCH - NPX_1385,325277,124,200,-200
09/17/2023 11:15,SCH - NPX_CSC,325154,0,0,0
09/17/2023 11:15,SCH - OH - NY,23317,-99.64,1750,-1200
09/17/2023 11:15,SCH - PJ - NY,23316,1520.66,2200,-1200
09/17/2023 11:15,SCH - PJM_HTP,325905,500,660,-660
09/17/2023 11:15,SCH - PJM_NEPTUNE,325305,660,660,-660
09/17/2023 11:15,SCH - PJM_VFT,325658,315,315,-315
09/17/2023 11:15,SPR/DUN-SOUTH,23320,1884.65,4350,-9999
09/17/2023 11:15,TOTAL EAST,23314,2332.67,6150,-9999
09/17/2023 11:15,UPNY CONED,23315,2981.4,5905,-9999
09/17/2023 11:15,WEST CENTRAL,23312,10.39,9999,-9999
09/17/2023 11:20,CENTRAL EAST - VC,23330,738.92,1380,-9999
09/17/2023 11:20,DYSINGER EAST,23326,122.02,3200,-9999
09/17/2023 11:20,MOSES SOUTH,23319,-11.75,3000,-1600
09/17/2023 11:20,SCH - HQ - NY,23324,-366,1500,-425
09/17/2023 11:20,SCH - HQ_CEDARS,325274,0,200,0
09/17/2023 11:20,SCH - HQ_IMPORT_EXPORT,325376,-366,1310,-9999
09/17/2023 11:20,SCH - NE - NY,23318,562.6,1400,-1600
09/17/2023 11:20,SCH - NPX_1385,325277,124,200,-200
09/17/2023 11:20,SCH - NPX_CSC,325154,0,0,0
09/17/2023 11:20,SCH - OH - NY,23317,-98.03,1750,-1200
09/17/2023 11:20,SCH - PJ - NY,23316,1614.86,2200,-1200
09/17/2023 11:20,SCH - PJM_HTP,325905,500,660,-660
09/17/2023 11:20,SCH - PJM_NEPTUNE,325305,660,660,-660
09/17/2023 11:20,SCH - PJM_VFT,325658,315,315,-315
09/17/2023 11:20,SPR/DUN-SOUTH,23320,1858.26,4350,-9999
09/17/2023 11:20,TOTAL EAST,23314,2362.29,6150,-9999
09/17/2023 11:20,UPNY CONED,23315,2970.33,5905,-9999
09/17/2023 11:20,WEST CENTRAL,23312,-81.72,9999,-9999
09/17/2023 11:25,CENTRAL EAST - VC,23330,808.4,1380,-9999
09/17/2023 11:25,DYSINGER EAST,23326,236.96,3200,-9999
09/17/2023 11:25,MOSES SOUTH,23319,-24.33,3000,-1600
09/17/2023 11:25,SCH - HQ - NY,23324,-366,1500,-425
09/17/2023 11:25,SCH - HQ_CEDARS,325274,0,200,0
09/17/2023 11:25,SCH - HQ_IMPORT_EXPORT,325376,-366,1310,-9999
09/17/2023 11:25,SCH - NE - NY,23318,562.6,1400,-1600
09/17/2023 11:25,SCH - NPX_1385,325277,124,200,-200
09/17/2023 11:25,SCH - NPX_CSC,325154,0,0,0
09/17/2023 11:25,SCH - OH - NY,23317,-99.58,1750,-1200
09/17/2023 11:25,SCH - PJ - NY,23316,1614.53,2200,-1200
09/17/2023 11:25,SCH - PJM_HTP,325905,500,660,-660
09/17/2023 11:25,SCH - PJM_NEPTUNE,325305,660,660,-660
09/17/2023 11:25,SCH - PJM_VFT,325658,315,315,-315
09/17/2023 11:25,SPR/DUN-SOUTH,23320,1919.5,4350,-9999
09/17/2023 11:25,TOTAL EAST,23314,2416.16,6150,-9999
09/17/2023 11:25,UPNY CONED,23315,3038.26,5905,-9999
09/17/2023 11:25,WEST CENTRAL,23312,41.92,9999,-9999
09/17/2023 11:30,CENTRAL EAST - VC,23330,807.67,1380,-9999
09/17/2023 11:30,DYSINGER EAST,23326,268.66,3200,-9999
09/17/2023 11:30,MOSES SOUTH,23319,-9.59,3000,-1600
09/17/2023 11:30,SCH - HQ - NY,23324,-366,1500,-425
09/17/2023 11:30,SCH - HQ_CEDARS,325274,0,200,0
09/17/2023 11:30,SCH - HQ_IMPORT_EXPORT,325376,-366,1310,-9999
09/17/2023 11:30,SCH - NE - NY,23318,562.6,1400,-1600
09/17/2023 11:30,SCH - NPX_1385,325277,124,200,-200
09/17/2023 11:30,SCH - NPX_CSC,325154,0,0,0
09/17/2023 11:30,SCH - OH - NY,23317,-100.15,1750,-1200
09/17/2023 11:30,SCH - PJ - NY,23316,1622.53,2200,-1200
09/17/2023 11:30,SCH - PJM_HTP,325905,500,660,-660
09/17/2023 11:30,SCH - PJM_NEPTUNE,325305,660,660,-660
09/17/2023 11:30,SCH - PJM_VFT,325658,315,315,-315
09/17/2023 11:30,SPR/DUN-SOUTH,23320,1900.89,4350,-9999
09/17/2023 11:30,TOTAL EAST,23314,2421.47,6150,-9999
09/17/2023 11:30,UPNY CONED,23315,3018.56,5905,-9999
09/17/2023 11:30,WEST CENTRAL,23312,76.62,9999,-9999
09/17/2023 11:35,CENTRAL EAST - VC,23330,726.39,1380,-9999
09/17/2023 11:35,DYSINGER EAST,23326,158.91,3200,-9999
09/17/2023 11:35,MOSES SOUTH,23319,1.26,3000,-1600
09/17/2023 11:35,SCH - HQ - NY,23324,-366,1500,-425
09/17/2023 11:35,SCH - HQ_CEDARS,325274,0,200,0
09/17/2023 11:35,SCH - HQ_IMPORT_EXPORT,325376,-366,1310,-9999
09/17/2023 11:35,SCH - NE - NY,23318,562.6,1400,-1600
09/17/2023 11:35,SCH - NPX_1385,325277,124,200,-200
09/17/2023 11:35,SCH - NPX_CSC,325154,0,0,0
09/17/2023 11:35,SCH - OH - NY,23317,-99.81,1750,-1200
09/17/2023 11:35,SCH - PJ - NY,23316,1627.08,2200,-1200
09/17/2023 11:35,SCH - PJM_HTP,325905,500,660,-660
09/17/2023 11:35,SCH - PJM_NEPTUNE,325305,660,660,-660
09/17/2023 11:35,SCH - PJM_VFT,325658,315,315,-315
09/17/2023 11:35,SPR/DUN-SOUTH,23320,1735.05,4350,-9999
09/17/2023 11:35,TOTAL EAST,23314,2357.08,6150,-9999
09/17/2023 11:35,UPNY CONED,23315,2840.7,5905,-9999
09/17/2023 11:35,WEST CENTRAL,23312,-29.62,9999,-9999
09/17/2023 11:40,CENTRAL EAST - VC,23330,570.33,1380,-9999
09/17/2023 11:40,DYSINGER EAST,23326,3.35,3200,-9999
09/17/2023 11:40,MOSES SOUTH,23319,0.11,3000,-1600
09/17/2023 11:40,SCH - HQ - NY,23324,-366,1500,-425
09/17/2023 11:40,SCH - HQ_CEDARS,325274,0,200,0
09/17/2023 11:40,SCH - HQ_IMPORT_EXPORT,325376,-366,1310,-9999
09/17/2023 11:40,SCH - NE - NY,23318,562.6,1400,-1600
09/17/2023 11:40,SCH - NPX_1385,325277,124,200,-200
09/17/2023 11:40,SCH - NPX_CSC,325154,0,0,0
09/17/2023 11:40,SCH - OH - NY,23317,-99.93,1750,-1200
09/17/2023 11:40,SCH - PJ - NY,23316,1625.6,2200,-1200
09/17/2023 11:40,SCH - PJM_HTP,325905,500,660,-660
09/17/2023 11:40,SCH - PJM_NEPTUNE,325305,660,660,-660
09/17/2023 11:40,SCH - PJM_VFT,325658,315,315,-315
09/17/2023 11:40,SPR/DUN-SOUTH,23320,1413.86,4350,-9999
09/17/2023 11:40,TOTAL EAST,23314,2135.73,6150,-9999
09/17/2023 11:40,UPNY CONED,23315,2482.24,5905,-9999
09/17/2023 11:40,WEST CENTRAL,23312,-197.43,9999,-9999
09/17/2023 11:45,CENTRAL EAST - VC,23330,743.74,1380,-9999
09/17/2023 11:45,DYSINGER EAST,23326,218.96,3200,-9999
09/17/2023 11:45,MOSES SOUTH,23319,-1.07,3000,-1600
09/17/2023 11:45,SCH - HQ - NY,23324,-366,1500,-425
09/17/2023 11:45,SCH - HQ_CEDARS,325274,0,200,0
09/17/2023 11:45,SCH - HQ_IMPORT_EXPORT,325376,-366,1310,-9999
09/17/2023 11:45,SCH - NE - NY,23318,562.6,1400,-1600
09/17/2023 11:45,SCH - NPX_1385,325277,124,200,-200
09/17/2023 11:45,SCH - NPX_CSC,325154,0,0,0
09/17/2023 11:45,SCH - OH - NY,23317,-100.94,1750,-1200
09/17/2023 11:45,SCH - PJ - NY,23316,1628.19,2200,-1200
09/17/2023 11:45,SCH - PJM_HTP,325905,500,660,-660
09/17/2023 11:45,SCH - PJM_NEPTUNE,325305,660,660,-660
09/17/2023 11:45,SCH - PJM_VFT,325658,315,315,-315
09/17/2023 11:45,SPR/DUN-SOUTH,23320,1920.27,4350,-9999
09/17/2023 11:45,TOTAL EAST,23314,2303.43,6150,-9999
09/17/2023 11:45,UPNY CONED,23315,3016.96,5905,-9999
09/17/2023 11:45,WEST CENTRAL,23312,22.73,9999,-9999
09/17/2023 11:50,CENTRAL EAST - VC,23330,834.41,1380,-9999
09/17/2023 11:50,DYSINGER EAST,23326,317.55,3200,-9999
09/17/2023 11:50,MOSES SOUTH,23319,-47.04,3000,-1600
09/17/2023 11:50,SCH - HQ - NY,23324,-366,1500,-425
09/17/2023 11:50,SCH - HQ_CEDARS,325274,0,200,0
09/17/2023 11:50,SCH - HQ_IMPORT_EXPORT,325376,-366,1310,-9999
09/17/2023 11:50,SCH - NE - NY,23318,563.03,1400,-1600
09/17/2023 11:50,SCH - NPX_1385,325277,124,200,-200
09/17/2023 11:50,SCH - NPX_CSC,325154,0,0,0
09/17/2023 11:50,SCH - OH - NY,23317,-100.24,1750,-1200
09/17/2023 11:50,SCH - PJ - NY,23316,1627.69,2200,-1200
09/17/2023 11:50,SCH - PJM_HTP,325905,500,660,-660
09/17/2023 11:50,SCH - PJM_NEPTUNE,325305,660,660,-660
09/17/2023 11:50,SCH - PJM_VFT,325658,315,315,-315
09/17/2023 11:50,SPR/DUN-SOUTH,23320,2076.48,4350,-9999
09/17/2023 11:50,TOTAL EAST,23314,2345.03,6150,-9999
09/17/2023 11:50,UPNY CONED,23315,3187.49,5905,-9999
09/17/2023 11:50,WEST CENTRAL,23312,117.62,9999,-9999
09/17/2023 11:55,CENTRAL EAST - VC,23330,760.33,1380,-9999
09/17/2023 11:55,DYSINGER EAST,23326,281.29,3200,-9999
09/17/2023 11:55,MOSES SOUTH,23319,-22.96,3000,-1600
09/17/2023 11:55,SCH - HQ - NY,23324,-366,1500,-425
09/17/2023 11:55,SCH - HQ_CEDARS,325274,0,200,0
09/17/2023 11:55,SCH - HQ_IMPORT_EXPORT,325376,-366,1310,-9999
09/17/2023 11:55,SCH - NE - NY,23318,562.6,1400,-1600
09/17/2023 11:55,SCH - NPX_1385,325277,124,200,-200
09/17/2023 11:55,SCH - NPX_CSC,325154,0,0,0
09/17/2023 11:55,SCH - OH - NY,23317,-100.92,1750,-1200
09/17/2023 11:55,SCH - PJ - NY,23316,1627.64,2200,-1200
09/17/2023 11:55,SCH - PJM_HTP,325905,500,660,-660
09/17/2023 11:55,SCH - PJM_NEPTUNE,325305,660,660,-660
09/17/2023 11:55,SCH - PJM_VFT,325658,315,315,-315
09/17/2023 11:55,SPR/DUN-SOUTH,23320,2048.99,4350,-9999
09/17/2023 11:55,TOTAL EAST,23314,2337.43,6150,-9999
09/17/2023 11:55,UPNY CONED,23315,3183.21,5905,-9999
09/17/2023 11:55,WEST CENTRAL,23312,78.2,9999,-9999
09/17/2023 12:00,CENTRAL EAST - VC,23330,646.3,1380,-9999
09/17/2023 12:00,DYSINGER EAST,23326,184.57,3200,-9999
09/17/2023 12:00,MOSES SOUTH,23319,-42.7,3000,-1600
09/17/2023 12:00,SCH - HQ - NY,23324,-381,1500,-425
09/17/2023 12:00,SCH - HQ_CEDARS,325274,0,200,0
09/17/2023 12:00,SCH - HQ_IMPORT_EXPORT,325376,-381,1310,-9999
09/17/2023 12:00,SCH - NE - NY,23318,605.61,1400,-1600
09/17/2023 12:00,SCH - NPX_1385,325277,114,200,-200
09/17/2023 12:00,SCH - NPX_CSC,325154,0,0,0
09/17/2023 12:00,SCH - OH - NY,23317,-100.73,1750,-1200
09/17/2023 12:00,SCH - PJ - NY,23316,1546.53,2200,-1200
09/17/2023 12:00,SCH - PJM_HTP,325905,580,660,-660
09/17/2023 12:00,SCH - PJM_NEPTUNE,325305,660,660,-660
09/17/2023 12:00,SCH - PJM_VFT,325658,315,315,-315
09/17/2023 12:00,SPR/DUN-SOUTH,23320,1936.47,4350,-9999
09/17/2023 12:00,TOTAL EAST,23314,2179.19,6150,-9999
09/17/2023 12:00,UPNY CONED,23315,3091.04,5905,-9999
09/17/2023 12:00,WEST CENTRAL,23312,-35.13,9999,-9999
09/17/2023 12:05,CENTRAL EAST - VC,23330,598.82,1380,-9999
09/17/2023 12:05,DYSINGER EAST,23326,171.65,3200,-9999
09/17/2023 12:05,MOSES SOUTH,23319,-61.39,3000,-1600
09/17/2023 12:05,SCH - HQ - NY,23324,-395,1500,-425
09/17/2023 12:05,SCH - HQ_CEDARS,325274,0,200,0
09/17/2023 12:05,SCH - HQ_IMPORT_EXPORT,325376,-395,1310,-9999
09/17/2023 12:05,SCH - NE - NY,23318,649.62,1400,-1600
09/17/2023 12:05,SCH - NPX_1385,325277,105,200,-200
09/17/2023 12:05,SCH - NPX_CSC,325154,0,0,0
09/17/2023 12:05,SCH - OH - NY,23317,-100.13,1750,-1200
09/17/2023 12:05,SCH - PJ - NY,23316,1465.07,2200,-1200
09/17/2023 12:05,SCH - PJM_HTP,325905,660,660,-660
09/17/2023 12:05,SCH - PJM_NEPTUNE,325305,660,660,-660
09/17/2023 12:05,SCH - PJM_VFT,325658,315,315,-315
09/17/2023 12:05,SPR/DUN-SOUTH,23320,1849.15,4350,-9999
09/17/2023 12:05,TOTAL EAST,23314,2096.99,6150,-9999
09/17/2023 12:05,UPNY CONED,23315,3043.84,5905,-9999
09/17/2023 12:05,WEST CENTRAL,23312,-68.39,9999,-9999
09/17/2023 12:10,CENTRAL EAST - VC,23330,627.06,1380,-9999
09/17/2023 12:10,DYSINGER EAST,23326,203.98,3200,-9999
09/17/2023 12:10,MOSES SOUTH,23319,-79.26,3000,-1600
09/17/2023 12:10,SCH - HQ - NY,23324,-395,1500,-425
09/17/2023 12:10,SCH - HQ_CEDARS,325274,0,200,0
09/17/2023 12:10,SCH - HQ_IMPORT_EXPORT,325376,-395,1310,-9999
09/17/2023 12:10,SCH - NE - NY,23318,649.61,1400,-1600
09/17/2023 12:10,SCH - NPX_1385,325277,105,200,-200
09/17/2023 12:10,SCH - NPX_CSC,325154,0,0,0
09/17/2023 12:10,SCH - OH - NY,23317,-99.88,1750,-1200
09/17/2023 12:10,SCH - PJ - NY,23316,1459.7,2200,-1200
09/17/2023 12:10,SCH - PJM_HTP,325905,660,660,-660
09/17/2023 12:10,SCH - PJM_NEPTUNE,325305,660,660,-660
09/17/2023 12:10,SCH - PJM_VFT,325658,315,315,-315
09/17/2023 12:10,SPR/DUN-SOUTH,23320,1885.83,4350,-9999
09/17/2023 12:10,TOTAL EAST,23314,2116,6150,-9999
09/17/2023 12:10,UPNY CONED,23315,3090.81,5905,-9999
09/17/2023 12:10,WEST CENTRAL,23312,-41.3,9999,-9999
09/17/2023 12:15,CENTRAL EAST - VC,23330,707.14,1380,-9999
09/17/2023 12:15,DYSINGER EAST,23326,342.74,3200,-9999
09/17/2023 12:15,MOSES SOUTH,23319,-80.65,3000,-1600
09/17/2023 12:15,SCH - HQ - NY,23324,-395,1500,-425
09/17/2023 12:15,SCH - HQ_CEDARS,325274,0,200,0
09/17/2023 12:15,SCH - HQ_IMPORT_EXPORT,325376,-395,1310,-9999
09/17/2023 12:15,SCH - NE - NY,23318,649.62,1400,-1600
09/17/2023 12:15,SCH - NPX_1385,325277,105,200,-200
09/17/2023 12:15,SCH - NPX_CSC,325154,0,0,0
09/17/2023 12:15,SCH - OH - NY,23317,-101.96,1750,-1200
09/17/2023 12:15,SCH - PJ - NY,23316,1575.79,2200,-1200
09/17/2023 12:15,SCH - PJM_HTP,325905,580,660,-660
09/17/2023 12:15,SCH - PJM_NEPTUNE,325305,660,660,-660
09/17/2023 12:15,SCH - PJM_VFT,325658,315,315,-315
09/17/2023 12:15,SPR/DUN-SOUTH,23320,2008.05,4350,-9999
09/17/2023 12:15,TOTAL EAST,23314,2230.77,6150,-9999
09/17/2023 12:15,UPNY CONED,23315,3212.65,5905,-9999
09/17/2023 12:15,WEST CENTRAL,23312,85.91,9999,-9999
09/17/2023 12:20,CENTRAL EAST - VC,23330,766.39,1380,-9999
09/17/2023 12:20,DYSINGER EAST,23326,347.04,3200,-9999
09/17/2023 12:20,MOSES SOUTH,23319,-82.82,3000,-1600
09/17/2023 12:20,SCH - HQ - NY,23324,-395,1500,-425
09/17/2023 12:20,SCH - HQ_CEDARS,325274,0,200,0
09/17/2023 12:20,SCH - HQ_IMPORT_EXPORT,325376,-395,1310,-9999
09/17/2023 12:20,SCH - NE - NY,23318,650,1400,-1600
09/17/2023 12:20,SCH - NPX_1385,325277,105,200,-200
09/17/2023 12:20,SCH - NPX_CSC,325154,0,0,0
09/17/2023 12:20,SCH - OH - NY,23317,-101.49,1750,-1200
09/17/2023 12:20,SCH - PJ - NY,23316,1693.39,2200,-1200
09/17/2023 12:20,SCH - PJM_HTP,325905,500,660,-660
09/17/2023 12:20,SCH - PJM_NEPTUNE,325305,660,660,-660
09/17/2023 12:20,SCH - PJM_VFT,325658,315,315,-315
09/17/2023 12:20,SPR/DUN-SOUTH,23320,2096.69,4350,-9999
09/17/2023 12:20,TOTAL EAST,23314,2356.78,6150,-9999
09/17/2023 12:20,UPNY CONED,23315,3302.91,5905,-9999
09/17/2023 12:20,WEST CENTRAL,23312,93.36,9999,-9999
09/17/2023 12:25,CENTRAL EAST - VC,23330,797.36,1380,-9999
09/17/2023 12:25,DYSINGER EAST,23326,323.37,3200,-9999
09/17/2023 12:25,MOSES SOUTH,23319,-81.06,3000,-1600
09/17/2023 12:25,SCH - HQ - NY,23324,-395,1500,-425
09/17/2023 12:25,SCH - HQ_CEDARS,325274,0,200,0
09/17/2023 12:25,SCH - HQ_IMPORT_EXPORT,325376,-395,1310,-9999
09/17/2023 12:25,SCH - NE - NY,23318,650.05,1400,-1600
09/17/2023 12:25,SCH - NPX_1385,325277,105,200,-200
09/17/2023 12:25,SCH - NPX_CSC,325154,0,0,0
09/17/2023 12:25,SCH - OH - NY,23317,-101.11,1750,-1200
09/17/2023 12:25,SCH - PJ - NY,23316,1696.35,2200,-1200
09/17/2023 12:25,SCH - PJM_HTP,325905,500,660,-660
09/17/2023 12:25,SCH - PJM_NEPTUNE,325305,660,660,-660
09/17/2023 12:25,SCH - PJM_VFT,325658,315,315,-315
09/17/2023 12:25,SPR/DUN-SOUTH,23320,2105.32,4350,-9999
09/17/2023 12:25,TOTAL EAST,23314,2394.78,6150,-9999
09/17/2023 12:25,UPNY CONED,23315,3307.51,5905,-9999
09/17/2023 12:25,WEST CENTRAL,23312,77.78,9999,-9999
09/17/2023 12:30,CENTRAL EAST - VC,23330,759.16,1380,-9999
09/17/2023 12:30,DYSINGER EAST,23326,316.88,3200,-9999
09/17/2023 12:30,MOSES SOUTH,23319,-78.71,3000,-1600
09/17/2023 12:30,SCH - HQ - NY,23324,-395,1500,-425
09/17/2023 12:30,SCH - HQ_CEDARS,325274,0,200,0
09/17/2023 12:30,SCH - HQ_IMPORT_EXPORT,325376,-395,1310,-9999
09/17/2023 12:30,SCH - NE - NY,23318,649.61,1400,-1600
09/17/2023 12:30,SCH - NPX_1385,325277,105,200,-200
09/17/2023 12:30,SCH - NPX_CSC,325154,0,0,0
09/17/2023 12:30,SCH - OH - NY,23317,-101.2,1750,-1200
09/17/2023 12:30,SCH - PJ - NY,23316,1667.9,2200,-1200
09/17/2023 12:30,SCH - PJM_HTP,325905,500,660,-660
09/17/2023 12:30,SCH - PJM_NEPTUNE,325305,660,660,-660
09/17/2023 12:30,SCH - PJM_VFT,325658,315,315,-315
09/17/2023 12:30,SPR/DUN-SOUTH,23320,2082.48,4350,-9999
09/17/2023 12:30,TOTAL EAST,23314,2390.14,6150,-9999
09/17/2023 12:30,UPNY CONED,23315,3273.95,5905,-9999
09/17/2023 12:30,WEST CENTRAL,23312,84.24,9999,-9999
09/17/2023 12:35,CENTRAL EAST - VC,23330,772.06,1380,-9999
09/17/2023 12:35,DYSINGER EAST,23326,366.67,3200,-9999
09/17/2023 12:35,MOSES SOUTH,23319,-67.67,3000,-1600
09/17/2023 12:35,SCH - HQ - NY,23324,-395,1500,-425
09/17/2023 12:35,SCH - HQ_CEDARS,325274,0,200,0
09/17/2023 12:35,SCH - HQ_IMPORT_EXPORT,325376,-395,1310,-9999
09/17/2023 12:35,SCH - NE - NY,23318,649.61,1400,-1600
09/17/2023 12:35,SCH - NPX_1385,325277,105,200,-200
09/17/2023 12:35,SCH - NPX_CSC,325154,0,0,0
09/17/2023 12:35,SCH - OH - NY,23317,-101.37,1750,-1200
09/17/2023 12:35,SCH - PJ - NY,23316,1647.32,2200,-1200
09/17/2023 12:35,SCH - PJM_HTP,325905,500,660,-660
09/17/2023 12:35,SCH - PJM_NEPTUNE,325305,660,660,-660
09/17/2023 12:35,SCH - PJM_VFT,325658,315,315,-315
09/17/2023 12:35,SPR/DUN-SOUTH,23320,2091.55,4350,-9999
09/17/2023 12:35,TOTAL EAST,23314,2404.59,6150,-9999
09/17/2023 12:35,UPNY CONED,23315,3273.77,5905,-9999
09/17/2023 12:35,WEST CENTRAL,23312,124.93,9999,-9999
09/17/2023 12:40,CENTRAL EAST - VC,23330,784.52,1380,-9999
09/17/2023 12:40,DYSINGER EAST,23326,372.99,3200,-9999
09/17/2023 12:40,MOSES SOUTH,23319,-56.04,3000,-1600
09/17/2023 12:40,SCH - HQ - NY,23324,-395,1500,-425
09/17/2023 12:40,SCH - HQ_CEDARS,325274,0,200,0
09/17/2023 12:40,SCH - HQ_IMPORT_EXPORT,325376,-395,1310,-9999
09/17/2023 12:40,SCH - NE - NY,23318,649.61,1400,-1600
09/17/2023 12:40,SCH - NPX_1385,325277,105,200,-200
09/17/2023 12:40,SCH - NPX_CSC,325154,0,0,0
09/17/2023 12:40,SCH - OH - NY,23317,-101.08,1750,-1200
09/17/2023 12:40,SCH - PJ - NY,23316,1645.24,2200,-1200
09/17/2023 12:40,SCH - PJM_HTP,325905,500,660,-660
09/17/2023 12:40,SCH - PJM_NEPTUNE,325305,660,660,-660
09/17/2023 12:40,SCH - PJM_VFT,325658,315,315,-315
09/17/2023 12:40,SPR/DUN-SOUTH,23320,2138.97,4350,-9999
09/17/2023 12:40,TOTAL EAST,23314,2427.37,6150,-9999
09/17/2023 12:40,UPNY CONED,23315,3328.17,5905,-9999
09/17/2023 12:40,WEST CENTRAL,23312,126.23,9999,-9999
09/17/2023 12:45,CENTRAL EAST - VC,23330,807.17,1380,-9999
09/17/2023 12:45,DYSINGER EAST,23326,375.39,3200,-9999
09/17/2023 12:45,MOSES SOUTH,23319,-41.1,3000,-1600
09/17/2023 12:45,SCH - HQ - NY,23324,-395,1500,-425
09/17/2023 12:45,SCH - HQ_CEDARS,325274,0,200,0
09/17/2023 12:45,SCH - HQ_IMPORT_EXPORT,325376,-395,1310,-9999
09/17/2023 12:45,SCH - NE - NY,23318,650.04,1400,-1600
09/17/2023 12:45,SCH - NPX_1385,325277,105,200,-200
09/17/2023 12:45,SCH - NPX_CSC,325154,0,0,0
09/17/2023 12:45,SCH - OH - NY,23317,-101.14,1750,-1200
09/17/2023 12:45,SCH - PJ - NY,23316,1664.13,2200,-1200
09/17/2023 12:45,SCH - PJM_HTP,325905,500,660,-660
09/17/2023 12:45,SCH - PJM_NEPTUNE,325305,660,660,-660
09/17/2023 12:45,SCH - PJM_VFT,325658,315,315,-315
09/17/2023 12:45,SPR/DUN-SOUTH,23320,2149.29,4350,-9999
09/17/2023 12:45,TOTAL EAST,23314,2435.84,6150,-9999
09/17/2023 12:45,UPNY CONED,23315,3324.68,5905,-9999
09/17/2023 12:45,WEST CENTRAL,23312,122.62,9999,-9999
09/17/2023 12:50,CENTRAL EAST - VC,23330,793.54,1380,-9999
09/17/2023 12:50,DYSINGER EAST,23326,351.37,3200,-9999
09/17/2023 12:50,MOSES SOUTH,23319,-58.12,3000,-1600
09/17/2023 12:50,SCH - HQ - NY,23324,-395,1500,-425
09/17/2023 12:50,SCH - HQ_CEDARS,325274,0,200,0
09/17/2023 12:50,SCH - HQ_IMPORT_EXPORT,325376,-395,1310,-9999
09/17/2023 12:50,SCH - NE - NY,23318,649.61,1400,-1600
09/17/2023 12:50,SCH - NPX_1385,325277,105,200,-200
09/17/2023 12:50,SCH - NPX_CSC,325154,0,0,0
09/17/2023 12:50,SCH - OH - NY,23317,-100.33,1750,-1200
09/17/2023 12:50,SCH - PJ - NY,23316,1685.56,2200,-1200
09/17/2023 12:50,SCH - PJM_HTP,325905,500,660,-660
09/17/2023 12:50,SCH - PJM_NEPTUNE,325305,660,660,-660
09/17/2023 12:50,SCH - PJM_VFT,325658,315,315,-315
09/17/2023 12:50,SPR/DUN-SOUTH,23320,2166.94,4350,-9999
09/17/2023 12:50,TOTAL EAST,23314,2479.18,6150,-9999
09/17/2023 12:50,UPNY CONED,23315,3349.83,5905,-9999
09/17/2023 12:50,WEST CENTRAL,23312,99.68,9999,-9999
09/17/2023 12:55,CENTRAL EAST - VC,23330,828.56,1380,-9999
09/17/2023 12:55,DYSINGER EAST,23326,364.93,3200,-9999
09/17/2023 12:55,MOSES SOUTH,23319,-37.17,3000,-1600
09/17/2023 12:55,SCH - HQ - NY,23324,-395,1500,-425
09/17/2023 12:55,SCH - HQ_CEDARS,325274,0,200,0
09/17/2023 12:55,SCH - HQ_IMPORT_EXPORT,325376,-395,1310,-9999
09/17/2023 12:55,SCH - NE - NY,23318,650.05,1400,-1600
09/17/2023 12:55,SCH - NPX_1385,325277,105,200,-200
09/17/2023 12:55,SCH - NPX_CSC,325154,0,0,0
09/17/2023 12:55,SCH - OH - NY,23317,-100.86,1750,-1200
09/17/2023 12:55,SCH - PJ - NY,23316,1688.92,2200,-1200
09/17/2023 12:55,SCH - PJM_HTP,325905,500,660,-660
09/17/2023 12:55,SCH - PJM_NEPTUNE,325305,660,660,-660
09/17/2023 12:55,SCH - PJM_VFT,325658,315,315,-315
09/17/2023 12:55,SPR/DUN-SOUTH,23320,2183.22,4350,-9999
09/17/2023 12:55,TOTAL EAST,23314,2503.18,6150,-9999
09/17/2023 12:55,UPNY CONED,23315,3378.73,5905,-9999
09/17/2023 12:55,WEST CENTRAL,23312,117.26,9999,-9999
09/17/2023 13:00,CENTRAL EAST - VC,23330,778.93,1380,-9999
09/17/2023 13:00,DYSINGER EAST,23326,348.76,3200,-9999
09/17/2023 13:00,MOSES SOUTH,23319,-16.03,3000,-1600
09/17/2023 13:00,SCH - HQ - NY,23324,-395,1500,-425
09/17/2023 13:00,SCH - HQ_CEDARS,325274,0,200,0
09/17/2023 13:00,SCH - HQ_IMPORT_EXPORT,325376,-395,1310,-9999
09/17/2023 13:00,SCH - NE - NY,23318,598.6,1400,-1600
09/17/2023 13:00,SCH - NPX_1385,325277,132,200,-200
09/17/2023 13:00,SCH - NPX_CSC,325154,0,0,0
09/17/2023 13:00,SCH - OH - NY,23317,-101.34,1750,-1200
09/17/2023 13:00,SCH - PJ - NY,23316,1561.74,2200,-1200
09/17/2023 13:00,SCH - PJM_HTP,325905,500,660,-660
09/17/2023 13:00,SCH - PJM_NEPTUNE,325305,660,660,-660
09/17/2023 13:00,SCH - PJM_VFT,325658,315,315,-315
09/17/2023 13:00,SPR/DUN-SOUTH,23320,2187.45,4350,-9999
09/17/2023 13:00,TOTAL EAST,23314,2373.22,6150,-9999
09/17/2023 13:00,UPNY CONED,23315,3379.51,5905,-9999
09/17/2023 13:00,WEST CENTRAL,23312,104.01,9999,-9999
09/17/2023 13:05,CENTRAL EAST - VC,23330,716.33,1380,-9999
09/17/2023 13:05,DYSINGER EAST,23326,313.38,3200,-9999
09/17/2023 13:05,MOSES SOUTH,23319,-16.92,3000,-1600
09/17/2023 13:05,SCH - HQ - NY,23324,-395,1500,-425
09/17/2023 13:05,SCH - HQ_CEDARS,325274,0,200,0
09/17/2023 13:05,SCH - HQ_IMPORT_EXPORT,325376,-395,1310,-9999
09/17/2023 13:05,SCH - NE - NY,23318,547.59,1400,-1600
09/17/2023 13:05,SCH - NPX_1385,325277,159,200,-200
09/17/2023 13:05,SCH - NPX_CSC,325154,0,0,0
09/17/2023 13:05,SCH - OH - NY,23317,-101.54,1750,-1200
09/17/2023 13:05,SCH - PJ - NY,23316,1435.53,2200,-1200
09/17/2023 13:05,SCH - PJM_HTP,325905,500,660,-660
09/17/2023 13:05,SCH - PJM_NEPTUNE,325305,660,660,-660
09/17/2023 13:05,SCH - PJM_VFT,325658,315,315,-315
09/17/2023 13:05,SPR/DUN-SOUTH,23320,2074.77,4350,-9999
09/17/2023 13:05,TOTAL EAST,23314,2263.01,6150,-9999
09/17/2023 13:05,UPNY CONED,23315,3260.64,5905,-9999
09/17/2023 13:05,WEST CENTRAL,23312,72.42,9999,-9999
09/17/2023 13:10,CENTRAL EAST - VC,23330,766.27,1380,-9999
09/17/2023 13:10,DYSINGER EAST,23326,427.84,3200,-9999
09/17/2023 13:10,MOSES SOUTH,23319,-96.03,3000,-1600
09/17/2023 13:10,SCH - HQ - NY,23324,-395,1500,-425
09/17/2023 13:10,SCH - HQ_CEDARS,325274,0,200,0
09/17/2023 13:10,SCH - HQ_IMPORT_EXPORT,325376,-395,1310,-9999
09/17/2023 13:10,SCH - NE - NY,23318,547.81,1400,-1600
09/17/2023 13:10,SCH - NPX_1385,325277,159,200,-200
09/17/2023 13:10,SCH - NPX_CSC,325154,0,0,0
09/17/2023 13:10,SCH - OH - NY,23317,-103.36,1750,-1200
09/17/2023 13:10,SCH - PJ - NY,23316,1441.44,2200,-1200
09/17/2023 13:10,SCH - PJM_HTP,325905,500,660,-660
09/17/2023 13:10,SCH - PJM_NEPTUNE,325305,660,660,-660
09/17/2023 13:10,SCH - PJM_VFT,325658,315,315,-315
09/17/2023 13:10,SPR/DUN-SOUTH,23320,2075.83,4350,-9999
09/17/2023 13:10,TOTAL EAST,23314,2278.22,6150,-9999
09/17/2023 13:10,UPNY CONED,23315,3275.01,5905,-9999
09/17/2023 13:10,WEST CENTRAL,23312,195.2,9999,-9999
09/17/2023 13:15,CENTRAL EAST - VC,23330,794.08,1380,-9999
09/17/2023 13:15,DYSINGER EAST,23326,397.81,3200,-9999
09/17/2023 13:15,MOSES SOUTH,23319,-121.05,3000,-1600
09/17/2023 13:15,SCH - HQ - NY,23324,-395,1500,-425
09/17/2023 13:15,SCH - HQ_CEDARS,325274,0,200,0
09/17/2023 13:15,SCH - HQ_IMPORT_EXPORT,325376,-395,1310,-9999
09/17/2023 13:15,SCH - NE - NY,23318,547.81,1400,-1600
09/17/2023 13:15,SCH - NPX_1385,325277,159,200,-200
09/17/2023 13:15,SCH - NPX_CSC,325154,0,0,0
09/17/2023 13:15,SCH - OH - NY,23317,-102.27,1750,-1200
09/17/2023 13:15,SCH - PJ - NY,23316,1437.57,2200,-1200
09/17/2023 13:15,SCH - PJM_HTP,325905,500,660,-660
09/17/2023 13:15,SCH - PJM_NEPTUNE,325305,660,660,-660
09/17/2023 13:15,SCH - PJM_VFT,325658,315,315,-315
09/17/2023 13:15,SPR/DUN-SOUTH,23320,2057.92,4350,-9999
09/17/2023 13:15,TOTAL EAST,23314,2299.17,6150,-9999
09/17/2023 13:15,UPNY CONED,23315,3277.26,5905,-9999
09/17/2023 13:15,WEST CENTRAL,23312,172.34,9999,-9999
09/17/2023 13:20,CENTRAL EAST - VC,23330,737.77,1380,-9999
09/17/2023 13:20,DYSINGER EAST,23326,319.58,3200,-9999
09/17/2023 13:20,MOSES SOUTH,23319,-149.35,3000,-1600
09/17/2023 13:20,SCH - HQ - NY,23324,-395,1500,-425
09/17/2023 13:20,SCH - HQ_CEDARS,325274,0,200,0
09/17/2023 13:20,SCH - HQ_IMPORT_EXPORT,325376,-395,1310,-9999
09/17/2023 13:20,SCH - NE - NY,23318,547.82,1400,-1600
09/17/2023 13:20,SCH - NPX_1385,325277,159,200,-200
09/17/2023 13:20,SCH - NPX_CSC,325154,0,0,0
09/17/2023 13:20,SCH - OH - NY,23317,-100.31,1750,-1200
09/17/2023 13:20,SCH - PJ - NY,23316,1435.01,2200,-1200
09/17/2023 13:20,SCH - PJM_HTP,325905,500,660,-660
09/17/2023 13:20,SCH - PJM_NEPTUNE,325305,660,660,-660
09/17/2023 13:20,SCH - PJM_VFT,325658,315,315,-315
09/17/2023 13:20,SPR/DUN-SOUTH,23320,1996.53,4350,-9999
09/17/2023 13:20,TOTAL EAST,23314,2310.59,6150,-9999
09/17/2023 13:20,UPNY CONED,23315,3232.66,5905,-9999
09/17/2023 13:20,WEST CENTRAL,23312,100.24,9999,-9999
09/17/2023 13:25,CENTRAL EAST - VC,23330,723.82,1380,-9999
09/17/2023 13:25,DYSINGER EAST,23326,323.82,3200,-9999
09/17/2023 13:25,MOSES SOUTH,23319,-153.8,3000,-1600
09/17/2023 13:25,SCH - HQ - NY,23324,-395,1500,-425
09/17/2023 13:25,SCH - HQ_CEDARS,325274,0,200,0
09/17/2023 13:25,SCH - HQ_IMPORT_EXPORT,325376,-395,1310,-9999
09/17/2023 13:25,SCH - NE - NY,23318,547.81,1400,-1600
09/17/2023 13:25,SCH - NPX_1385,325277,159,200,-200
09/17/2023 13:25,SCH - NPX_CSC,325154,0,0,0
09/17/2023 13:25,SCH - OH - NY,23317,-100.32,1750,-1200
09/17/2023 13:25,SCH - PJ - NY,23316,1433.43,2200,-1200
09/17/2023 13:25,SCH - PJM_HTP,325905,500,660,-660
09/17/2023 13:25,SCH - PJM_NEPTUNE,325305,660,660,-660
09/17/2023 13:25,SCH - PJM_VFT,325658,315,315,-315
09/17/2023 13:25,SPR/DUN-SOUTH,23320,1951.22,4350,-9999
09/17/2023 13:25,TOTAL EAST,23314,2299.43,6150,-9999
09/17/2023 13:25,UPNY CONED,23315,3192.13,5905,-9999
09/17/2023 13:25,WEST CENTRAL,23312,93.42,9999,-9999
09/17/2023 13:30,CENTRAL EAST - VC,23330,727.19,1380,-9999
09/17/2023 13:30,DYSINGER EAST,23326,299.69,3200,-9999
09/17/2023 13:30,MOSES SOUTH,23319,-156,3000,-1600
09/17/2023 13:30,SCH - HQ - NY,23324,-395,1500,-425
09/17/2023 13:30,SCH - HQ_CEDARS,325274,0,200,0
09/17/2023 13:30,SCH - HQ_IMPORT_EXPORT,325376,-395,1310,-9999
09/17/2023 13:30,SCH - NE - NY,23318,547.81,1400,-1600
09/17/2023 13:30,SCH - NPX_1385,325277,159,200,-200
09/17/2023 13:30,SCH - NPX_CSC,325154,0,0,0
09/17/2023 13:30,SCH - OH - NY,23317,-99.87,1750,-1200
09/17/2023 13:30,SCH - PJ - NY,23316,1435.18,2200,-1200
09/17/2023 13:30,SCH - PJM_HTP,325905,500,660,-660
09/17/2023 13:30,SCH - PJM_NEPTUNE,325305,660,660,-660
09/17/2023 13:30,SCH - PJM_VFT,325658,315,315,-315
09/17/2023 13:30,SPR/DUN-SOUTH,23320,1940.88,4350,-9999
09/17/2023 13:30,TOTAL EAST,23314,2290.37,6150,-9999
09/17/2023 13:30,UPNY CONED,23315,3194.2,5905,-9999
09/17/2023 13:30,WEST CENTRAL,23312,59.25,9999,-9999
09/17/2023 13:35,CENTRAL EAST - VC,23330,746.12,1380,-9999
09/17/2023 13:35,DYSINGER EAST,23326,296.34,3200,-9999
09/17/2023 13:35,MOSES SOUTH,23319,-172.85,3000,-1600
09/17/2023 13:35,SCH - HQ - NY,23324,-395,1500,-425
09/17/2023 13:35,SCH - HQ_CEDARS,325274,0,200,0
09/17/2023 13:35,SCH - HQ_IMPORT_EXPORT,325376,-395,1310,-9999
09/17/2023 13:35,SCH - NE - NY,23318,547.81,1400,-1600
09/17/2023 13:35,SCH - NPX_1385,325277,159,200,-200
09/17/2023 13:35,SCH - NPX_CSC,325154,0,0,0
09/17/2023 13:35,SCH - OH - NY,23317,-99.88,1750,-1200
09/17/2023 13:35,SCH - PJ - NY,23316,1438.62,2200,-1200
09/17/2023 13:35,SCH - PJM_HTP,325905,500,660,-660
09/17/2023 13:35,SCH - PJM_NEPTUNE,325305,660,660,-660
09/17/2023 13:35,SCH - PJM_VFT,325658,315,315,-315
09/17/2023 13:35,SPR/DUN-SOUTH,23320,1955.67,4350,-9999
09/17/2023 13:35,TOTAL EAST,23314,2303.27,6150,-9999
09/17/2023 13:35,UPNY CONED,23315,3226.84,5905,-9999
09/17/2023 13:35,WEST CENTRAL,23312,54.99,9999,-9999
09/17/2023 13:40,CENTRAL EAST - VC,23330,758.99,1380,-9999
09/17/2023 13:40,DYSINGER EAST,23326,359.98,3200,-9999
09/17/2023 13:40,MOSES SOUTH,23319,-168.9,3000,-1600
09/17/2023 13:40,SCH - HQ - NY,23324,-395,1500,-425
09/17/2023 13:40,SCH - HQ_CEDARS,325274,0,200,0
09/17/2023 13:40,SCH - HQ_IMPORT_EXPORT,325376,-395,1310,-9999
09/17/2023 13:40,SCH - NE - NY,23318,547.82,1400,-1600
09/17/2023 13:40,SCH - NPX_1385,325277,159,200,-200
09/17/2023 13:40,SCH - NPX_CSC,325154,0,0,0
09/17/2023 13:40,SCH - OH - NY,23317,-101.22,1750,-1200
09/17/2023 13:40,SCH - PJ - NY,23316,1435.42,2200,-1200
09/17/2023 13:40,SCH - PJM_HTP,325905,500,660,-660
09/17/2023 13:40,SCH - PJM_NEPTUNE,325305,660,660,-660
09/17/2023 13:40,SCH - PJM_VFT,325658,315,315,-315
09/17/2023 13:40,SPR/DUN-SOUTH,23320,2031.3,4350,-9999
09/17/2023 13:40,TOTAL EAST,23314,2330.07,6150,-9999
09/17/2023 13:40,UPNY CONED,23315,3294.99,5905,-9999
09/17/2023 13:40,WEST CENTRAL,23312,126.61,9999,-9999
09/17/2023 13:45,CENTRAL EAST - VC,23330,764.98,1380,-9999
09/17/2023 13:45,DYSINGER EAST,23326,352.2,3200,-9999
09/17/2023 13:45,MOSES SOUTH,23319,-165.35,3000,-1600
09/17/2023 13:45,SCH - HQ - NY,23324,-395,1500,-425
09/17/2023 13:45,SCH - HQ_CEDARS,325274,0,200,0
09/17/2023 13:45,SCH - HQ_IMPORT_EXPORT,325376,-395,1310,-9999
09/17/2023 13:45,SCH - NE - NY,23318,581.82,1400,-1600
09/17/2023 13:45,SCH - NPX_1385,325277,159,200,-200
09/17/2023 13:45,SCH - NPX_CSC,325154,0,0,0
09/17/2023 13:45,SCH - OH - NY,23317,-101.05,1750,-1200
09/17/2023 13:45,SCH - PJ - NY,23316,1436.36,2200,-1200
09/17/2023 13:45,SCH - PJM_HTP,325905,513,660,-660
09/17/2023 13:45,SCH - PJM_NEPTUNE,325305,660,660,-660
09/17/2023 13:45,SCH - PJM_VFT,325658,315,315,-315
09/17/2023 13:45,SPR/DUN-SOUTH,23320,2084.2,4350,-9999
09/17/2023 13:45,TOTAL EAST,23314,2330.9,6150,-9999
09/17/2023 13:45,UPNY CONED,23315,3360,5905,-9999
09/17/2023 13:45,WEST CENTRAL,23312,124.88,9999,-9999
09/17/2023 13:50,CENTRAL EAST - VC,23330,763.55,1380,-9999
09/17/2023 13:50,DYSINGER EAST,23326,383.18,3200,-9999
09/17/2023 13:50,MOSES SOUTH,23319,-127.46,3000,-1600
09/17/2023 13:50,SCH - HQ - NY,23324,-395,1500,-425
09/17/2023 13:50,SCH - HQ_CEDARS,325274,0,200,0
09/17/2023 13:50,SCH - HQ_IMPORT_EXPORT,325376,-395,1310,-9999
09/17/2023 13:50,SCH - NE - NY,23318,616.83,1400,-1600
09/17/2023 13:50,SCH - NPX_1385,325277,159,200,-200
09/17/2023 13:50,SCH - NPX_CSC,325154,0,0,0
09/17/2023 13:50,SCH - OH - NY,23317,-102.1,1750,-1200
09/17/2023 13:50,SCH - PJ - NY,23316,1436.37,2200,-1200
09/17/2023 13:50,SCH - PJM_HTP,325905,526,660,-660
09/17/2023 13:50,SCH - PJM_NEPTUNE,325305,660,660,-660
09/17/2023 13:50,SCH - PJM_VFT,325658,315,315,-315
09/17/2023 13:50,SPR/DUN-SOUTH,23320,2075.28,4350,-9999
09/17/2023 13:50,TOTAL EAST,23314,2329.59,6150,-9999
09/17/2023 13:50,UPNY CONED,23315,3372.45,5905,-9999
09/17/2023 13:50,WEST CENTRAL,23312,151.72,9999,-9999
09/17/2023 13:55,CENTRAL EAST - VC,23330,762.6,1380,-9999
09/17/2023 13:55,DYSINGER EAST,23326,379.37,3200,-9999
09/17/2023 13:55,MOSES SOUTH,23319,-137.88,3000,-1600
09/17/2023 13:55,SCH - HQ - NY,23324,-395,1500,-425
09/17/2023 13:55,SCH - HQ_CEDARS,325274,0,200,0
09/17/2023 13:55,SCH - HQ_IMPORT_EXPORT,325376,-395,1310,-9999
09/17/2023 13:55,SCH - NE - NY,23318,616.83,1400,-1600
09/17/2023 13:55,SCH - NPX_1385,325277,159,200,-200
09/17/2023 13:55,SCH - NPX_CSC,325154,0,0,0
09/17/2023 13:55,SCH - OH - NY,23317,-101.85,1750,-1200
09/17/2023 13:55,SCH - PJ - NY,23316,1437.1,2200,-1200
09/17/2023 13:55,SCH - PJM_HTP,325905,526,660,-660
09/17/2023 13:55,SCH - PJM_NEPTUNE,325305,660,660,-660
09/17/2023 13:55,SCH - PJM_VFT,325658,315,315,-315
09/17/2023 13:55,SPR/DUN-SOUTH,23320,2043.86,4350,-9999
09/17/2023 13:55,TOTAL EAST,23314,2331,6150,-9999
09/17/2023 13:55,UPNY CONED,23315,3341.03,5905,-9999
09/17/2023 13:55,WEST CENTRAL,23312,140.93,9999,-9999
09/17/2023 14:00,CENTRAL EAST - VC,23330,791.57,1380,-9999
09/17/2023 14:00,DYSINGER EAST,23326,398.44,3200,-9999
09/17/2023 14:00,MOSES SOUTH,23319,-99.84,3000,-1600
09/17/2023 14:00,SCH - HQ - NY,23324,-370,1500,-425
09/17/2023 14:00,SCH - HQ_CEDARS,325274,0,200,0
09/17/2023 14:00,SCH - HQ_IMPORT_EXPORT,325376,-370,1310,-9999
09/17/2023 14:00,SCH - NE - NY,23318,579.83,1400,-1600
09/17/2023 14:00,SCH - NPX_1385,325277,160,200,-200
09/17/2023 14:00,SCH - NPX_CSC,325154,0,0,0
09/17/2023 14:00,SCH - OH - NY,23317,-127.72,1750,-1200
09/17/2023 14:00,SCH - PJ - NY,23316,1469.92,2200,-1200
09/17/2023 14:00,SCH - PJM_HTP,325905,513,660,-660
09/17/2023 14:00,SCH - PJM_NEPTUNE,325305,660,660,-660
09/17/2023 14:00,SCH - PJM_VFT,325658,315,315,-315
09/17/2023 14:00,SPR/DUN-SOUTH,23320,2101.35,4350,-9999
09/17/2023 14:00,TOTAL EAST,23314,2381.04,6150,-9999
09/17/2023 14:00,UPNY CONED,23315,3389.19,5905,-9999
09/17/2023 14:00,WEST CENTRAL,23312,160.95,9999,-9999
09/17/2023 14:05,CENTRAL EAST - VC,23330,802.61,1380,-9999
09/17/2023 14:05,DYSINGER EAST,23326,337.71,3200,-9999
09/17/2023 14:05,MOSES SOUTH,23319,-97.72,3000,-1600
09/17/2023 14:05,SCH - HQ - NY,23324,-345,1500,-425
09/17/2023 14:05,SCH - HQ_CEDARS,325274,0,200,0
09/17/2023 14:05,SCH - HQ_IMPORT_EXPORT,325376,-345,1310,-9999
09/17/2023 14:05,SCH - NE - NY,23318,542.81,1400,-1600
09/17/2023 14:05,SCH - NPX_1385,325277,160,200,-200
09/17/2023 14:05,SCH - NPX_CSC,325154,0,0,0
09/17/2023 14:05,SCH - OH - NY,23317,-151.69,1750,-1200
09/17/2023 14:05,SCH - PJ - NY,23316,1507.95,2200,-1200
09/17/2023 14:05,SCH - PJM_HTP,325905,500,660,-660
09/17/2023 14:05,SCH - PJM_NEPTUNE,325305,660,660,-660
09/17/2023 14:05,SCH - PJM_VFT,325658,315,315,-315
09/17/2023 14:05,SPR/DUN-SOUTH,23320,2095.95,4350,-9999
09/17/2023 14:05,TOTAL EAST,23314,2419.99,6150,-9999
09/17/2023 14:05,UPNY CONED,23315,3372.19,5905,-9999
09/17/2023 14:05,WEST CENTRAL,23312,104.38,9999,-9999
09/17/2023 14:10,CENTRAL EAST - VC,23330,796.57,1380,-9999
09/17/2023 14:10,DYSINGER EAST,23326,312.49,3200,-9999
09/17/2023 14:10,MOSES SOUTH,23319,-115.97,3000,-1600
09/17/2023 14:10,SCH - HQ - NY,23324,-345,1500,-425
09/17/2023 14:10,SCH - HQ_CEDARS,325274,0,200,0
09/17/2023 14:10,SCH - HQ_IMPORT_EXPORT,325376,-345,1310,-9999
09/17/2023 14:10,SCH - NE - NY,23318,543.03,1400,-1600
09/17/2023 14:10,SCH - NPX_1385,325277,160,200,-200
09/17/2023 14:10,SCH - NPX_CSC,325154,0,0,0
09/17/2023 14:10,SCH - OH - NY,23317,-151.36,1750,-1200
09/17/2023 14:10,SCH - PJ - NY,23316,1507.4,2200,-1200
09/17/2023 14:10,SCH - PJM_HTP,325905,500,660,-660
09/17/2023 14:10,SCH - PJM_NEPTUNE,325305,660,660,-660
09/17/2023 14:10,SCH - PJM_VFT,325658,315,315,-315
09/17/2023 14:10,SPR/DUN-SOUTH,23320,2029.16,4350,-9999
09/17/2023 14:10,TOTAL EAST,23314,2409.04,6150,-9999
09/17/2023 14:10,UPNY CONED,23315,3308.28,5905,-9999
09/17/2023 14:10,WEST CENTRAL,23312,76.24,9999,-9999
09/17/2023 14:15,CENTRAL EAST - VC,23330,865.79,1380,-9999
09/17/2023 14:15,DYSINGER EAST,23326,407.09,3200,-9999
09/17/2023 14:15,MOSES SOUTH,23319,-98.24,3000,-1600
09/17/2023 14:15,SCH - HQ - NY,23324,-345,1500,-425
09/17/2023 14:15,SCH - HQ_CEDARS,325274,0,200,0
09/17/2023 14:15,SCH - HQ_IMPORT_EXPORT,325376,-345,1310,-9999
09/17/2023 14:15,SCH - NE - NY,23318,480.03,1400,-1600
09/17/2023 14:15,SCH - NPX_1385,325277,160,200,-200
09/17/2023 14:15,SCH - NPX_CSC,325154,0,0,0
09/17/2023 14:15,SCH - OH - NY,23317,-153.08,1750,-1200
09/17/2023 14:15,SCH - PJ - NY,23316,1557.15,2200,-1200
09/17/2023 14:15,SCH - PJM_HTP,325905,500,660,-660
09/17/2023 14:15,SCH - PJM_NEPTUNE,325305,660,660,-660
09/17/2023 14:15,SCH - PJM_VFT,325658,315,315,-315
09/17/2023 14:15,SPR/DUN-SOUTH,23320,2039.94,4350,-9999
09/17/2023 14:15,TOTAL EAST,23314,2458.94,6150,-9999
09/17/2023 14:15,UPNY CONED,23315,3287.28,5905,-9999
09/17/2023 14:15,WEST CENTRAL,23312,176.63,9999,-9999
09/17/2023 14:20,CENTRAL EAST - VC,23330,870.61,1410,-9999
09/17/2023 14:20,DYSINGER EAST,23326,423.01,3200,-9999
09/17/2023 14:20,MOSES SOUTH,23319,-122.18,3000,-1600
09/17/2023 14:20,SCH - HQ - NY,23324,-345,1500,-425
09/17/2023 14:20,SCH - HQ_CEDARS,325274,0,200,0
09/17/2023 14:20,SCH - HQ_IMPORT_EXPORT,325376,-345,1310,-9999
09/17/2023 14:20,SCH - NE - NY,23318,422.84,1400,-1600
09/17/2023 14:20,SCH - NPX_1385,325277,160,200,-200
09/17/2023 14:20,SCH - NPX_CSC,325154,0,0,0
09/17/2023 14:20,SCH - OH - NY,23317,-153.13,1750,-1200
09/17/2023 14:20,SCH - PJ - NY,23316,1601.26,2200,-1200
09/17/2023 14:20,SCH - PJM_HTP,325905,500,660,-660
09/17/2023 14:20,SCH - PJM_NEPTUNE,325305,660,660,-660
09/17/2023 14:20,SCH - PJM_VFT,325658,315,315,-315
09/17/2023 14:20,SPR/DUN-SOUTH,23320,1970.44,4350,-9999
09/17/2023 14:20,TOTAL EAST,23314,2503.61,6150,-9999
09/17/2023 14:20,UPNY CONED,23315,3226.33,5905,-9999
09/17/2023 14:20,WEST CENTRAL,23312,193.49,9999,-9999
09/17/2023 14:25,CENTRAL EAST - VC,23330,903.84,1410,-9999
09/17/2023 14:25,DYSINGER EAST,23326,448.11,3200,-9999
09/17/2023 14:25,MOSES SOUTH,23319,-116.15,3000,-1600
09/17/2023 14:25,SCH - HQ - NY,23324,-345,1500,-425
09/17/2023 14:25,SCH - HQ_CEDARS,325274,0,200,0
09/17/2023 14:25,SCH - HQ_IMPORT_EXPORT,325376,-345,1310,-9999
09/17/2023 14:25,SCH - NE - NY,23318,421.83,1400,-1600
09/17/2023 14:25,SCH - NPX_1385,325277,160,200,-200
09/17/2023 14:25,SCH - NPX_CSC,325154,0,0,0
09/17/2023 14:25,SCH - OH - NY,23317,-153.41,1750,-1200
09/17/2023 14:25,SCH - PJ - NY,23316,1603.59,2200,-1200
09/17/2023 14:25,SCH - PJM_HTP,325905,500,660,-660
09/17/2023 14:25,SCH - PJM_NEPTUNE,325305,660,660,-660
09/17/2023 14:25,SCH - PJM_VFT,325658,315,315,-315
09/17/2023 14:25,SPR/DUN-SOUTH,23320,1964.56,4350,-9999
09/17/2023 14:25,TOTAL EAST,23314,2507.12,6150,-9999
09/17/2023 14:25,UPNY CONED,23315,3227.78,5905,-9999
09/17/2023 14:25,WEST CENTRAL,23312,205.41,9999,-9999
09/17/2023 14:30,CENTRAL EAST - VC,23330,908.25,1410,-9999
09/17/2023 14:30,DYSINGER EAST,23326,397.77,3200,-9999
09/17/2023 14:30,MOSES SOUTH,23319,-139.4,3000,-1600
09/17/2023 14:30,SCH - HQ - NY,23324,-345,1500,-425
09/17/2023 14:30,SCH - HQ_CEDARS,325274,0,200,0
09/17/2023 14:30,SCH - HQ_IMPORT_EXPORT,325376,-345,1310,-9999
09/17/2023 14:30,SCH - NE - NY,23318,465.83,1400,-1600
09/17/2023 14:30,SCH - NPX_1385,325277,160,200,-200
09/17/2023 14:30,SCH - NPX_CSC,325154,0,0,0
09/17/2023 14:30,SCH - OH - NY,23317,-152.13,1750,-1200
09/17/2023 14:30,SCH - PJ - NY,23316,1608.51,2200,-1200
09/17/2023 14:30,SCH - PJM_HTP,325905,500,660,-660
09/17/2023 14:30,SCH - PJM_NEPTUNE,325305,660,660,-660
09/17/2023 14:30,SCH - PJM_VFT,325658,315,315,-315
09/17/2023 14:30,SPR/DUN-SOUTH,23320,2032.6,4350,-9999
09/17/2023 14:30,TOTAL EAST,23314,2560.72,6150,-9999
09/17/2023 14:30,UPNY CONED,23315,3321.31,5905,-9999
09/17/2023 14:30,WEST CENTRAL,23312,151.31,9999,-9999
09/17/2023 14:35,CENTRAL EAST - VC,23330,899.67,1410,-9999
09/17/2023 14:35,DYSINGER EAST,23326,392.92,3200,-9999
09/17/2023 14:35,MOSES SOUTH,23319,-150.06,3000,-1600
09/17/2023 14:35,SCH - HQ - NY,23324,-345,1500,-425
09/17/2023 14:35,SCH - HQ_CEDARS,325274,0,200,0
09/17/2023 14:35,SCH - HQ_IMPORT_EXPORT,325376,-345,1310,-9999
09/17/2023 14:35,SCH - NE - NY,23318,514.82,1400,-1600
09/17/2023 14:35,SCH - NPX_1385,325277,160,200,-200
09/17/2023 14:35,SCH - NPX_CSC,325154,0,0,0
09/17/2023 14:35,SCH - OH - NY,23317,-151.89,1750,-1200
09/17/2023 14:35,SCH - PJ - NY,23316,1607.31,2200,-1200
09/17/2023 14:35,SCH - PJM_HTP,325905,500,660,-660
09/17/2023 14:35,SCH - PJM_NEPTUNE,325305,660,660,-660
09/17/2023 14:35,SCH - PJM_VFT,325658,315,315,-315
09/17/2023 14:35,SPR/DUN-SOUTH,23320,2076.75,4350,-9999
09/17/2023 14:35,TOTAL EAST,23314,2558.46,6150,-9999
09/17/2023 14:35,UPNY CONED,23315,3370.68,5905,-9999
09/17/2023 14:35,WEST CENTRAL,23312,141.52,9999,-9999
09/17/2023 14:40,CENTRAL EAST - VC,23330,893.37,1500,-9999
09/17/2023 14:40,DYSINGER EAST,23326,415.38,3200,-9999
09/17/2023 14:40,MOSES SOUTH,23319,-123.03,3000,-1600
09/17/2023 14:40,SCH - HQ - NY,23324,-345,1500,-425
09/17/2023 14:40,SCH - HQ_CEDARS,325274,0,200,0
09/17/2023 14:40,SCH - HQ_IMPORT_EXPORT,325376,-345,1310,-9999
09/17/2023 14:40,SCH - NE - NY,23318,515.03,1400,-1600
09/17/2023 14:40,SCH - NPX_1385,325277,160,200,-200
09/17/2023 14:40,SCH - NPX_CSC,325154,0,0,0
09/17/2023 14:40,SCH - OH - NY,23317,-152.72,1750,-1200
09/17/2023 14:40,SCH - PJ - NY,23316,1606.77,2200,-1200
09/17/2023 14:40,SCH - PJM_HTP,325905,500,660,-660
09/17/2023 14:40,SCH - PJM_NEPTUNE,325305,660,660,-660
09/17/2023 14:40,SCH - PJM_VFT,325658,315,315,-315
09/17/2023 14:40,SPR/DUN-SOUTH,23320,2059,4350,-9999
09/17/2023 14:40,TOTAL EAST,23314,2567.32,6150,-9999
09/17/2023 14:40,UPNY CONED,23315,3354.66,5905,-9999
09/17/2023 14:40,WEST CENTRAL,23312,164.85,9999,-9999
09/17/2023 14:45,CENTRAL EAST - VC,23330,910.79,1500,-9999
09/17/2023 14:45,DYSINGER EAST,23326,421.65,3200,-9999
09/17/2023 14:45,MOSES SOUTH,23319,-105.37,3000,-1600
09/17/2023 14:45,SCH - HQ - NY,23324,-345,1500,-425
09/17/2023 14:45,SCH - HQ_CEDARS,325274,0,200,0
09/17/2023 14:45,SCH - HQ_IMPORT_EXPORT,325376,-345,1310,-9999
09/17/2023 14:45,SCH - NE - NY,23318,495.03,1400,-1600
09/17/2023 14:45,SCH - NPX_1385,325277,160,200,-200
09/17/2023 14:45,SCH - NPX_CSC,325154,0,0,0
09/17/2023 14:45,SCH - OH - NY,23317,-153.27,1750,-1200
09/17/2023 14:45,SCH - PJ - NY,23316,1622.32,2200,-1200
09/17/2023 14:45,SCH - PJM_HTP,325905,500,660,-660
09/17/2023 14:45,SCH - PJM_NEPTUNE,325305,660,660,-660
09/17/2023 14:45,SCH - PJM_VFT,325658,315,315,-315
09/17/2023 14:45,SPR/DUN-SOUTH,23320,2044.18,4350,-9999
09/17/2023 14:45,TOTAL EAST,23314,2596.34,6150,-9999
09/17/2023 14:45,UPNY CONED,23315,3362.46,5905,-9999
09/17/2023 14:45,WEST CENTRAL,23312,172.09,9999,-9999
09/17/2023 14:50,CENTRAL EAST - VC,23330,931.51,1500,-9999
09/17/2023 14:50,DYSINGER EAST,23326,460.62,3200,-9999
09/17/2023 14:50,MOSES SOUTH,23319,-69.8,3000,-1600
09/17/2023 14:50,SCH - HQ - NY,23324,-345,1500,-425
09/17/2023 14:50,SCH - HQ_CEDARS,325274,0,200,0
09/17/2023 14:50,SCH - HQ_IMPORT_EXPORT,325376,-345,1310,-9999
09/17/2023 14:50,SCH - NE - NY,23318,480.66,1400,-1600
09/17/2023 14:50,SCH - NPX_1385,325277,160,200,-200
09/17/2023 14:50,SCH - NPX_CSC,325154,0,0,0
09/17/2023 14:50,SCH - OH - NY,23317,-154.48,1750,-1200
09/17/2023 14:50,SCH - PJ - NY,23316,1631.74,2200,-1200
09/17/2023 14:50,SCH - PJM_HTP,325905,500,660,-660
09/17/2023 14:50,SCH - PJM_NEPTUNE,325305,660,660,-660
09/17/2023 14:50,SCH - PJM_VFT,325658,315,315,-315
09/17/2023 14:50,SPR/DUN-SOUTH,23320,1996.19,4350,-9999
09/17/2023 14:50,TOTAL EAST,23314,2595.69,6150,-9999
09/17/2023 14:50,UPNY CONED,23315,3339.03,5905,-9999
09/17/2023 14:50,WEST CENTRAL,23312,210.86,9999,-9999
09/17/2023 14:55,CENTRAL EAST - VC,23330,943.92,1500,-9999
09/17/2023 14:55,DYSINGER EAST,23326,441.49,3200,-9999
09/17/2023 14:55,MOSES SOUTH,23319,-72.98,3000,-1600
09/17/2023 14:55,SCH - HQ - NY,23324,-345,1500,-425
09/17/2023 14:55,SCH - HQ_CEDARS,325274,0,200,0
09/17/2023 14:55,SCH - HQ_IMPORT_EXPORT,325376,-345,1310,-9999
09/17/2023 14:55,SCH - NE - NY,23318,480.78,1400,-1600
09/17/2023 14:55,SCH - NPX_1385,325277,160,200,-200
09/17/2023 14:55,SCH - NPX_CSC,325154,0,0,0
09/17/2023 14:55,SCH - OH - NY,23317,-154.09,1750,-1200
09/17/2023 14:55,SCH - PJ - NY,23316,1631.26,2200,-1200
09/17/2023 14:55,SCH - PJM_HTP,325905,500,660,-660
09/17/2023 14:55,SCH - PJM_NEPTUNE,325305,660,660,-660
09/17/2023 14:55,SCH - PJM_VFT,325658,315,315,-315
09/17/2023 14:55,SPR/DUN-SOUTH,23320,1991.05,4350,-9999
09/17/2023 14:55,TOTAL EAST,23314,2594.53,6150,-9999
09/17/2023 14:55,UPNY CONED,23315,3331.11,5905,-9999
09/17/2023 14:55,WEST CENTRAL,23312,196.84,9999,-9999
09/17/2023 15:00,CENTRAL EAST - VC,23330,959.11,1500,-9999
09/17/2023 15:00,DYSINGER EAST,23326,457.14,3200,-9999
09/17/2023 15:00,MOSES SOUTH,23319,-49.84,3000,-1600
09/17/2023 15:00,SCH - HQ - NY,23324,-345,1500,-425
09/17/2023 15:00,SCH - HQ_CEDARS,325274,0,200,0
09/17/2023 15:00,SCH - HQ_IMPORT_EXPORT,325376,-345,1310,-9999
09/17/2023 15:00,SCH - NE - NY,23318,464.91,1400,-1600
09/17/2023 15:00,SCH - NPX_1385,325277,160,200,-200
09/17/2023 15:00,SCH - NPX_CSC,325154,0,0,0
09/17/2023 15:00,SCH - OH - NY,23317,-154.81,1750,-1200
09/17/2023 15:00,SCH - PJ - NY,23316,1614.78,2200,-1200
09/17/2023 15:00,SCH - PJM_HTP,325905,500,660,-660
09/17/2023 15:00,SCH - PJM_NEPTUNE,325305,660,660,-660
09/17/2023 15:00,SCH - PJM_VFT,325658,315,315,-315
09/17/2023 15:00,SPR/DUN-SOUTH,23320,1952.92,4350,-9999
09/17/2023 15:00,TOTAL EAST,23314,2583.74,6150,-9999
09/17/2023 15:00,UPNY CONED,23315,3296.6,5905,-9999
09/17/2023 15:00,WEST CENTRAL,23312,212.38,9999,-9999
09/17/2023 15:05,CENTRAL EAST - VC,23330,962.46,1500,-9999
09/17/2023 15:05,DYSINGER EAST,23326,497.98,3200,-9999
09/17/2023 15:05,MOSES SOUTH,23319,-48.05,3000,-1600
09/17/2023 15:05,SCH - HQ - NY,23324,-345,1500,-425
09/17/2023 15:05,SCH - HQ_CEDARS,325274,0,200,0
09/17/2023 15:05,SCH - HQ_IMPORT_EXPORT,325376,-345,1310,-9999
09/17/2023 15:05,SCH - NE - NY,23318,448.17,1400,-1600
09/17/2023 15:05,SCH - NPX_1385,325277,160,200,-200
09/17/2023 15:05,SCH - NPX_CSC,325154,0,0,0
09/17/2023 15:05,SCH - OH - NY,23317,-154.86,1750,-1200
09/17/2023 15:05,SCH - PJ - NY,23316,1599.62,2200,-1200
09/17/2023 15:05,SCH - PJM_HTP,325905,500,660,-660
09/17/2023 15:05,SCH - PJM_NEPTUNE,325305,660,660,-660
09/17/2023 15:05,SCH - PJM_VFT,325658,315,315,-315
09/17/2023 15:05,SPR/DUN-SOUTH,23320,1902.73,4350,-9999
09/17/2023 15:05,TOTAL EAST,23314,2583.09,6150,-9999
09/17/2023 15:05,UPNY CONED,23315,3255.08,5905,-9999
09/17/2023 15:05,WEST CENTRAL,23312,242.98,9999,-9999
09/17/2023 15:10,CENTRAL EAST - VC,23330,1006.41,1500,-9999
09/17/2023 15:10,DYSINGER EAST,23326,545.69,3200,-9999
09/17/2023 15:10,MOSES SOUTH,23319,-11.47,3000,-1600
09/17/2023 15:10,SCH - HQ - NY,23324,-345,1500,-425
09/17/2023 15:10,SCH - HQ_CEDARS,325274,0,200,0
09/17/2023 15:10,SCH - HQ_IMPORT_EXPORT,325376,-345,1310,-9999
09/17/2023 15:10,SCH - NE - NY,23318,447.55,1400,-1600
09/17/2023 15:10,SCH - NPX_1385,325277,160,200,-200
09/17/2023 15:10,SCH - NPX_CSC,325154,0,0,0
09/17/2023 15:10,SCH - OH - NY,23317,-154.98,1750,-1200
09/17/2023 15:10,SCH - PJ - NY,23316,1598.45,2200,-1200
09/17/2023 15:10,SCH - PJM_HTP,325905,500,660,-660
09/17/2023 15:10,SCH - PJM_NEPTUNE,325305,660,660,-660
09/17/2023 15:10,SCH - PJM_VFT,325658,315,315,-315
09/17/2023 15:10,SPR/DUN-SOUTH,23320,1918.14,4350,-9999
09/17/2023 15:10,TOTAL EAST,23314,2615.58,6150,-9999
09/17/2023 15:10,UPNY CONED,23315,3305.37,5905,-9999
09/17/2023 15:10,WEST CENTRAL,23312,279.37,9999,-9999
09/17/2023 15:15,CENTRAL EAST - VC,23330,1040.44,1500,-9999
09/17/2023 15:15,DYSINGER EAST,23326,567.3,3200,-9999
09/17/2023 15:15,MOSES SOUTH,23319,2.6,3000,-1600
09/17/2023 15:15,SCH - HQ - NY,23324,-345,1500,-425
09/17/2023 15:15,SCH - HQ_CEDARS,325274,0,200,0
09/17/2023 15:15,SCH - HQ_IMPORT_EXPORT,325376,-345,1310,-9999
09/17/2023 15:15,SCH - NE - NY,23318,463.23,1400,-1600
09/17/2023 15:15,SCH - NPX_1385,325277,160,200,-200
09/17/2023 15:15,SCH - NPX_CSC,325154,0,0,0
09/17/2023 15:15,SCH - OH - NY,23317,-150.4,1750,-1200
09/17/2023 15:15,SCH - PJ - NY,23316,1597.42,2200,-1200
09/17/2023 15:15,SCH - PJM_HTP,325905,500,660,-660
09/17/2023 15:15,SCH - PJM_NEPTUNE,325305,660,660,-660
09/17/2023 15:15,SCH - PJM_VFT,325658,315,315,-315
09/17/2023 15:15,SPR/DUN-SOUTH,23320,1949.27,4350,-9999
09/17/2023 15:15,TOTAL EAST,23314,2650.08,6150,-9999
09/17/2023 15:15,UPNY CONED,23315,3338.57,5905,-9999
09/17/2023 15:15,WEST CENTRAL,23312,306.83,9999,-9999
09/17/2023 15:20,CENTRAL EAST - VC,23330,1059.13,1500,-9999
09/17/2023 15:20,DYSINGER EAST,23326,557.57,3200,-9999
09/17/2023 15:20,MOSES SOUTH,23319,-11.74,3000,-1600
09/17/2023 15:20,SCH - HQ - NY,23324,-345,1500,-425
09/17/2023 15:20,SCH - HQ_CEDARS,325274,0,200,0
09/17/2023 15:20,SCH - HQ_IMPORT_EXPORT,325376,-345,1310,-9999
09/17/2023 15:20,SCH - NE - NY,23318,480.64,1400,-1600
09/17/2023 15:20,SCH - NPX_1385,325277,160,200,-200
09/17/2023 15:20,SCH - NPX_CSC,325154,0,0,0
09/17/2023 15:20,SCH - OH - NY,23317,-155.21,1750,-1200
09/17/2023 15:20,SCH - PJ - NY,23316,1600.71,2200,-1200
09/17/2023 15:20,SCH - PJM_HTP,325905,500,660,-660
09/17/2023 15:20,SCH - PJM_NEPTUNE,325305,660,660,-660
09/17/2023 15:20,SCH - PJM_VFT,325658,315,315,-315
09/17/2023 15:20,SPR/DUN-SOUTH,23320,1970.34,4350,-9999
09/17/2023 15:20,TOTAL EAST,23314,2674.22,6150,-9999
09/17/2023 15:20,UPNY CONED,23315,3373.81,5905,-9999
09/17/2023 15:20,WEST CENTRAL,23312,305.16,9999,-9999
09/17/2023 15:25,CENTRAL EAST - VC,23330,1050.64,1500,-9999
09/17/2023 15:25,DYSINGER EAST,23326,518.97,3200,-9999
09/17/2023 15:25,MOSES SOUTH,23319,-17.41,3000,-1600
09/17/2023 15:25,SCH - HQ - NY,23324,-345,1500,-425
09/17/2023 15:25,SCH - HQ_CEDARS,325274,0,200,0
09/17/2023 15:25,SCH - HQ_IMPORT_EXPORT,325376,-345,1310,-9999
09/17/2023 15:25,SCH - NE - NY,23318,481.07,1400,-1600
09/17/2023 15:25,SCH - NPX_1385,325277,160,200,-200
09/17/2023 15:25,SCH - NPX_CSC,325154,0,0,0
09/17/2023 15:25,SCH - OH - NY,23317,-154.61,1750,-1200
09/17/2023 15:25,SCH - PJ - NY,23316,1600.64,2200,-1200
09/17/2023 15:25,SCH - PJM_HTP,325905,500,660,-660
09/17/2023 15:25,SCH - PJM_NEPTUNE,325305,660,660,-660
09/17/2023 15:25,SCH - PJM_VFT,325658,315,315,-315
09/17/2023 15:25,SPR/DUN-SOUTH,23320,1932.3,4350,-9999
09/17/2023 15:25,TOTAL EAST,23314,2678.49,6150,-9999
09/17/2023 15:25,UPNY CONED,23315,3366.41,5905,-9999
09/17/2023 15:25,WEST CENTRAL,23312,267.87,9999,-9999
09/17/2023 15:30,CENTRAL EAST - VC,23330,1058.04,1500,-9999
09/17/2023 15:30,DYSINGER EAST,23326,606.18,3200,-9999
09/17/2023 15:30,MOSES SOUTH,23319,-10.7,3000,-1600
09/17/2023 15:30,SCH - HQ - NY,23324,-345,1500,-425
09/17/2023 15:30,SCH - HQ_CEDARS,325274,0,200,0
09/17/2023 15:30,SCH - HQ_IMPORT_EXPORT,325376,-345,1310,-9999
09/17/2023 15:30,SCH - NE - NY,23318,566.04,1400,-1600
09/17/2023 15:30,SCH - NPX_1385,325277,160,200,-200
09/17/2023 15:30,SCH - NPX_CSC,325154,0,0,0
09/17/2023 15:30,SCH - OH - NY,23317,-150.41,1750,-1200
09/17/2023 15:30,SCH - PJ - NY,23316,1600.89,2200,-1200
09/17/2023 15:30,SCH - PJM_HTP,325905,500,660,-660
09/17/2023 15:30,SCH - PJM_NEPTUNE,325305,660,660,-660
09/17/2023 15:30,SCH - PJM_VFT,325658,315,315,-315
09/17/2023 15:30,SPR/DUN-SOUTH,23320,1956.16,4350,-9999
09/17/2023 15:30,TOTAL EAST,23314,2648.97,6150,-9999
09/17/2023 15:30,UPNY CONED,23315,3409.79,5905,-9999
09/17/2023 15:30,WEST CENTRAL,23312,344.29,9999,-9999
09/17/2023 15:35,CENTRAL EAST - VC,23330,994.58,1500,-9999
09/17/2023 15:35,DYSINGER EAST,23326,492.17,3200,-9999
09/17/2023 15:35,MOSES SOUTH,23319,-59.51,3000,-1600
09/17/2023 15:35,SCH - HQ - NY,23324,-345,1500,-425
09/17/2023 15:35,SCH - HQ_CEDARS,325274,0,200,0
09/17/2023 15:35,SCH - HQ_IMPORT_EXPORT,325376,-345,1310,-9999
09/17/2023 15:35,SCH - NE - NY,23318,656.04,1400,-1600
09/17/2023 15:35,SCH - NPX_1385,325277,160,200,-200
09/17/2023 15:35,SCH - NPX_CSC,325154,0,0,0
09/17/2023 15:35,SCH - OH - NY,23317,-153.78,1750,-1200
09/17/2023 15:35,SCH - PJ - NY,23316,1600.05,2200,-1200
09/17/2023 15:35,SCH - PJM_HTP,325905,500,660,-660
09/17/2023 15:35,SCH - PJM_NEPTUNE,325305,660,660,-660
09/17/2023 15:35,SCH - PJM_VFT,325658,315,315,-315
09/17/2023 15:35,SPR/DUN-SOUTH,23320,1951.76,4350,-9999
09/17/2023 15:35,TOTAL EAST,23314,2609.65,6150,-9999
09/17/2023 15:35,UPNY CONED,23315,3417.9,5905,-9999
09/17/2023 15:35,WEST CENTRAL,23312,236.32,9999,-9999
09/17/2023 15:40,CENTRAL EAST - VC,23330,923.65,1500,-9999
09/17/2023 15:40,DYSINGER EAST,23326,417.86,3200,-9999
09/17/2023 15:40,MOSES SOUTH,23319,-64.38,3000,-1600
09/17/2023 15:40,SCH - HQ - NY,23324,-345,1500,-425
09/17/2023 15:40,SCH - HQ_CEDARS,325274,0,200,0
09/17/2023 15:40,SCH - HQ_IMPORT_EXPORT,325376,-345,1310,-9999
09/17/2023 15:40,SCH - NE - NY,23318,655.62,1400,-1600
09/17/2023 15:40,SCH - NPX_1385,325277,160,200,-200
09/17/2023 15:40,SCH - NPX_CSC,325154,0,0,0
09/17/2023 15:40,SCH - OH - NY,23317,-152.95,1750,-1200
09/17/2023 15:40,SCH - PJ - NY,23316,1599.17,2200,-1200
09/17/2023 15:40,SCH - PJM_HTP,325905,500,660,-660
09/17/2023 15:40,SCH - PJM_NEPTUNE,325305,660,660,-660
09/17/2023 15:40,SCH - PJM_VFT,325658,315,315,-315
09/17/2023 15:40,SPR/DUN-SOUTH,23320,1904.43,4350,-9999
09/17/2023 15:40,TOTAL EAST,23314,2569.45,6150,-9999
09/17/2023 15:40,UPNY CONED,23315,3359.39,5905,-9999
09/17/2023 15:40,WEST CENTRAL,23312,164.32,9999,-9999
09/17/2023 15:45,CENTRAL EAST - VC,23330,910.61,1500,-9999
09/17/2023 15:45,DYSINGER EAST,23326,410.05,3200,-9999
09/17/2023 15:45,MOSES SOUTH,23319,-74.29,3000,-1600
09/17/2023 15:45,SCH - HQ - NY,23324,-345,1500,-425
09/17/2023 15:45,SCH - HQ_CEDARS,325274,0,200,0
09/17/2023 15:45,SCH - HQ_IMPORT_EXPORT,325376,-345,1310,-9999
09/17/2023 15:45,SCH - NE - NY,23318,612.03,1400,-1600
09/17/2023 15:45,SCH - NPX_1385,325277,160,200,-200
09/17/2023 15:45,SCH - NPX_CSC,325154,0,0,0
09/17/2023 15:45,SCH - OH - NY,23317,-153.22,1750,-1200
09/17/2023 15:45,SCH - PJ - NY,23316,1610.31,2200,-1200
09/17/2023 15:45,SCH - PJM_HTP,325905,580,660,-660
09/17/2023 15:45,SCH - PJM_NEPTUNE,325305,660,660,-660
09/17/2023 15:45,SCH - PJM_VFT,325658,315,315,-315
09/17/2023 15:45,SPR/DUN-SOUTH,23320,1811.33,4350,-9999
09/17/2023 15:45,TOTAL EAST,23314,2515.51,6150,-9999
09/17/2023 15:45,UPNY CONED,23315,3246.56,5905,-9999
09/17/2023 15:45,WEST CENTRAL,23312,143.49,9999,-9999
09/17/2023 15:50,CENTRAL EAST - VC,23330,925.27,1500,-9999
09/17/2023 15:50,DYSINGER EAST,23326,455.9,3200,-9999
09/17/2023 15:50,MOSES SOUTH,23319,-51.43,3000,-1600
09/17/2023 15:50,SCH - HQ - NY,23324,-345,1500,-425
09/17/2023 15:50,SCH - HQ_CEDARS,325274,0,200,0
09/17/2023 15:50,SCH - HQ_IMPORT_EXPORT,325376,-345,1310,-9999
09/17/2023 15:50,SCH - NE - NY,23318,572.49,1400,-1600
09/17/2023 15:50,SCH - NPX_1385,325277,160,200,-200
09/17/2023 15:50,SCH - NPX_CSC,325154,0,0,0
09/17/2023 15:50,SCH - OH - NY,23317,-153.68,1750,-1200
09/17/2023 15:50,SCH - PJ - NY,23316,1620.35,2200,-1200
09/17/2023 15:50,SCH - PJM_HTP,325905,660,660,-660
09/17/2023 15:50,SCH - PJM_NEPTUNE,325305,660,660,-660
09/17/2023 15:50,SCH - PJM_VFT,325658,315,315,-315
09/17/2023 15:50,SPR/DUN-SOUTH,23320,1733.27,4350,-9999
09/17/2023 15:50,TOTAL EAST,23314,2493.99,6150,-9999
09/17/2023 15:50,UPNY CONED,23315,3173.68,5905,-9999
09/17/2023 15:50,WEST CENTRAL,23312,166.09,9999,-9999
09/17/2023 15:55,CENTRAL EAST - VC,23330,955.62,1500,-9999
09/17/2023 15:55,DYSINGER EAST,23326,489,3200,-9999
09/17/2023 15:55,MOSES SOUTH,23319,-70.15,3000,-1600
09/17/2023 15:55,SCH - HQ - NY,23324,-345,1500,-425
09/17/2023 15:55,SCH - HQ_CEDARS,325274,0,200,0
09/17/2023 15:55,SCH - HQ_IMPORT_EXPORT,325376,-345,1310,-9999
09/17/2023 15:55,SCH - NE - NY,23318,570.53,1400,-1600
09/17/2023 15:55,SCH - NPX_1385,325277,160,200,-200
09/17/2023 15:55,SCH - NPX_CSC,325154,0,0,0
09/17/2023 15:55,SCH - OH - NY,23317,-152.72,1750,-1200
09/17/2023 15:55,SCH - PJ - NY,23316,1622.6,2200,-1200
09/17/2023 15:55,SCH - PJM_HTP,325905,660,660,-660
09/17/2023 15:55,SCH - PJM_NEPTUNE,325305,660,660,-660
09/17/2023 15:55,SCH - PJM_VFT,325658,315,315,-315
09/17/2023 15:55,SPR/DUN-SOUTH,23320,1737.72,4350,-9999
09/17/2023 15:55,TOTAL EAST,23314,2529.15,6150,-9999
09/17/2023 15:55,UPNY CONED,23315,3171.09,5905,-9999
09/17/2023 15:55,WEST CENTRAL,23312,180.03,9999,-9999
09/17/2023 16:00,CENTRAL EAST - VC,23330,1057.26,1500,-9999
09/17/2023 16:00,DYSINGER EAST,23326,478.64,3200,-9999
09/17/2023 16:00,MOSES SOUTH,23319,85.94,3000,-1600
09/17/2023 16:00,SCH - HQ - NY,23324,-172,1500,-425
09/17/2023 16:00,SCH - HQ_CEDARS,325274,0,200,0
09/17/2023 16:00,SCH - HQ_IMPORT_EXPORT,325376,-172,1310,-9999
09/17/2023 16:00,SCH - NE - NY,23318,417.31,1400,-1600
09/17/2023 16:00,SCH - NPX_1385,325277,172,200,-200
09/17/2023 16:00,SCH - NPX_CSC,325154,0,0,0
09/17/2023 16:00,SCH - OH - NY,23317,-153.19,1750,-1200
09/17/2023 16:00,SCH - PJ - NY,23316,1668.22,2200,-1200
09/17/2023 16:00,SCH - PJM_HTP,325905,580,660,-660
09/17/2023 16:00,SCH - PJM_NEPTUNE,325305,660,660,-660
09/17/2023 16:00,SCH - PJM_VFT,325658,315,315,-315
09/17/2023 16:00,SPR/DUN-SOUTH,23320,1914.39,4350,-9999
09/17/2023 16:00,TOTAL EAST,23314,2647.1,6150,-9999
09/17/2023 16:00,UPNY CONED,23315,3346.81,5905,-9999
09/17/2023 16:00,WEST CENTRAL,23312,166.75,9999,-9999
09/17/2023 16:05,CENTRAL EAST - VC,23330,1106.59,1500,-9999
09/17/2023 16:05,DYSINGER EAST,23326,452.55,3200,-9999
09/17/2023 16:05,MOSES SOUTH,23319,275.18,3000,-1600
09/17/2023 16:05,SCH - HQ - NY,23324,0,1500,-425
09/17/2023 16:05,SCH - HQ_CEDARS,325274,0,200,0
09/17/2023 16:05,SCH - HQ_IMPORT_EXPORT,325376,0,1310,-9999
09/17/2023 16:05,SCH - NE - NY,23318,264.65,1400,-1600
09/17/2023 16:05,SCH - NPX_1385,325277,184,200,-200
09/17/2023 16:05,SCH - NPX_CSC,325154,0,0,0
09/17/2023 16:05,SCH - OH - NY,23317,-153.56,1750,-1200
09/17/2023 16:05,SCH - PJ - NY,23316,1711.86,2200,-1200
09/17/2023 16:05,SCH - PJM_HTP,325905,500,660,-660
09/17/2023 16:05,SCH - PJM_NEPTUNE,325305,660,660,-660
09/17/2023 16:05,SCH - PJM_VFT,325658,315,315,-315
09/17/2023 16:05,SPR/DUN-SOUTH,23320,1941.45,4350,-9999
09/17/2023 16:05,TOTAL EAST,23314,2875.83,6150,-9999
09/17/2023 16:05,UPNY CONED,23315,3376.9,5905,-9999
09/17/2023 16:05,WEST CENTRAL,23312,137.6,9999,-9999
09/17/2023 16:10,CENTRAL EAST - VC,23330,1161.37,1500,-9999
09/17/2023 16:10,DYSINGER EAST,23326,457.11,3200,-9999
09/17/2023 16:10,MOSES SOUTH,23319,275.17,3000,-1600
09/17/2023 16:10,SCH - HQ - NY,23324,0,1500,-425
09/17/2023 16:10,SCH - HQ_CEDARS,325274,0,200,0
09/17/2023 16:10,SCH - HQ_IMPORT_EXPORT,325376,0,1310,-9999
09/17/2023 16:10,SCH - NE - NY,23318,264.81,1400,-1600
09/17/2023 16:10,SCH - NPX_1385,325277,184,200,-200
09/17/2023 16:10,SCH - NPX_CSC,325154,0,0,0
09/17/2023 16:10,SCH - OH - NY,23317,-153.66,1750,-1200
09/17/2023 16:10,SCH - PJ - NY,23316,1709.93,2200,-1200
09/17/2023 16:10,SCH - PJM_HTP,325905,500,660,-660
09/17/2023 16:10,SCH - PJM_NEPTUNE,325305,660,660,-660
09/17/2023 16:10,SCH - PJM_VFT,325658,315,315,-315
09/17/2023 16:10,SPR/DUN-SOUTH,23320,1969.62,4350,-9999
09/17/2023 16:10,TOTAL EAST,23314,2863.62,6150,-9999
09/17/2023 16:10,UPNY CONED,23315,3401.88,5905,-9999
09/17/2023 16:10,WEST CENTRAL,23312,135.73,9999,-9999
09/17/2023 16:15,CENTRAL EAST - VC,23330,1127.5,1500,-9999
09/17/2023 16:15,DYSINGER EAST,23326,455.76,3200,-9999
09/17/2023 16:15,MOSES SOUTH,23319,225.32,3000,-1600
09/17/2023 16:15,SCH - HQ - NY,23324,0,1500,-425
09/17/2023 16:15,SCH - HQ_CEDARS,325274,0,200,0
09/17/2023 16:15,SCH - HQ_IMPORT_EXPORT,325376,0,1310,-9999
09/17/2023 16:15,SCH - NE - NY,23318,178.28,1400,-1600
09/17/2023 16:15,SCH - NPX_1385,325277,184,200,-200
09/17/2023 16:15,SCH - NPX_CSC,325154,0,0,0
09/17/2023 16:15,SCH - OH - NY,23317,-153.72,1750,-1200
09/17/2023 16:15,SCH - PJ - NY,23316,1706.48,2200,-1200
09/17/2023 16:15,SCH - PJM_HTP,325905,571,660,-660
09/17/2023 16:15,SCH - PJM_NEPTUNE,325305,660,660,-660
09/17/2023 16:15,SCH - PJM_VFT,325658,315,315,-315
09/17/2023 16:15,SPR/DUN-SOUTH,23320,1799.75,4350,-9999
09/17/2023 16:15,TOTAL EAST,23314,2794.02,6150,-9999
09/17/2023 16:15,UPNY CONED,23315,3228.93,5905,-9999
09/17/2023 16:15,WEST CENTRAL,23312,114.29,9999,-9999
09/17/2023 16:20,CENTRAL EAST - VC,23330,1132.71,1500,-9999
09/17/2023 16:20,DYSINGER EAST,23326,540.85,3200,-9999
09/17/2023 16:20,MOSES SOUTH,23319,236.01,3000,-1600
09/17/2023 16:20,SCH - HQ - NY,23324,0,1500,-425
09/17/2023 16:20,SCH - HQ_CEDARS,325274,0,200,0
09/17/2023 16:20,SCH - HQ_IMPORT_EXPORT,325376,0,1310,-9999
09/17/2023 16:20,SCH - NE - NY,23318,88.36,1400,-1600
09/17/2023 16:20,SCH - NPX_1385,325277,184,200,-200
09/17/2023 16:20,SCH - NPX_CSC,325154,0,0,0
09/17/2023 16:20,SCH - OH - NY,23317,-154.83,1750,-1200
09/17/2023 16:20,SCH - PJ - NY,23316,1708.65,2200,-1200
09/17/2023 16:20,SCH - PJM_HTP,325905,642,660,-660
09/17/2023 16:20,SCH - PJM_NEPTUNE,325305,660,660,-660
09/17/2023 16:20,SCH - PJM_VFT,325658,315,315,-315
09/17/2023 16:20,SPR/DUN-SOUTH,23320,1710.04,4350,-9999
09/17/2023 16:20,TOTAL EAST,23314,2793.27,6150,-9999
09/17/2023 16:20,UPNY CONED,23315,3131.38,5905,-9999
09/17/2023 16:20,WEST CENTRAL,23312,178.84,9999,-9999
09/17/2023 16:25,CENTRAL EAST - VC,23330,1109.88,1500,-9999
09/17/2023 16:25,DYSINGER EAST,23326,564.62,3200,-9999
09/17/2023 16:25,MOSES SOUTH,23319,263.27,3000,-1600
09/17/2023 16:25,SCH - HQ - NY,23324,0,1500,-425
09/17/2023 16:25,SCH - HQ_CEDARS,325274,0,200,0
09/17/2023 16:25,SCH - HQ_IMPORT_EXPORT,325376,0,1310,-9999
09/17/2023 16:25,SCH - NE - NY,23318,88.38,1400,-1600
09/17/2023 16:25,SCH - NPX_1385,325277,184,200,-200
09/17/2023 16:25,SCH - NPX_CSC,325154,0,0,0
09/17/2023 16:25,SCH - OH - NY,23317,-154.67,1750,-1200
09/17/2023 16:25,SCH - PJ - NY,23316,1710.49,2200,-1200
09/17/2023 16:25,SCH - PJM_HTP,325905,642,660,-660
09/17/2023 16:25,SCH - PJM_NEPTUNE,325305,660,660,-660
09/17/2023 16:25,SCH - PJM_VFT,325658,315,315,-315
09/17/2023 16:25,SPR/DUN-SOUTH,23320,1701.1,4350,-9999
09/17/2023 16:25,TOTAL EAST,23314,2802.62,6150,-9999
09/17/2023 16:25,UPNY CONED,23315,3148.34,5905,-9999
09/17/2023 16:25,WEST CENTRAL,23312,184.35,9999,-9999
09/17/2023 16:30,CENTRAL EAST - VC,23330,1117.21,1500,-9999
09/17/2023 16:30,DYSINGER EAST,23326,623.51,3200,-9999
09/17/2023 16:30,MOSES SOUTH,23319,287.69,3000,-1600
09/17/2023 16:30,SCH - HQ - NY,23324,0,1500,-425
09/17/2023 16:30,SCH - HQ_CEDARS,325274,0,200,0
09/17/2023 16:30,SCH - HQ_IMPORT_EXPORT,325376,0,1310,-9999
09/17/2023 16:30,SCH - NE - NY,23318,93.35,1400,-1600
09/17/2023 16:30,SCH - NPX_1385,325277,184,200,-200
09/17/2023 16:30,SCH - NPX_CSC,325154,0,0,0
09/17/2023 16:30,SCH - OH - NY,23317,-150.29,1750,-1200
09/17/2023 16:30,SCH - PJ - NY,23316,1707.36,2200,-1200
09/17/2023 16:30,SCH - PJM_HTP,325905,637,660,-660
09/17/2023 16:30,SCH - PJM_NEPTUNE,325305,660,660,-660
09/17/2023 16:30,SCH - PJM_VFT,325658,315,315,-315
09/17/2023 16:30,SPR/DUN-SOUTH,23320,1718.72,4350,-9999
09/17/2023 16:30,TOTAL EAST,23314,2750.84,6150,-9999
09/17/2023 16:30,UPNY CONED,23315,3145.95,5905,-9999
09/17/2023 16:30,WEST CENTRAL,23312,232.78,9999,-9999
09/17/2023 16:35,CENTRAL EAST - VC,23330,1100.81,1500,-9999
09/17/2023 16:35,DYSINGER EAST,23326,620.74,3200,-9999
09/17/2023 16:35,MOSES SOUTH,23319,286.82,3000,-1600
09/17/2023 16:35,SCH - HQ - NY,23324,0,1500,-425
09/17/2023 16:35,SCH - HQ_CEDARS,325274,0,200,0
09/17/2023 16:35,SCH - HQ_IMPORT_EXPORT,325376,0,1310,-9999
09/17/2023 16:35,SCH - NE - NY,23318,98.3,1400,-1600
09/17/2023 16:35,SCH - NPX_1385,325277,184,200,-200
09/17/2023 16:35,SCH - NPX_CSC,325154,0,0,0
09/17/2023 16:35,SCH - OH - NY,23317,-150.29,1750,-1200
09/17/2023 16:35,SCH - PJ - NY,23316,1706.39,2200,-1200
09/17/2023 16:35,SCH - PJM_HTP,325905,632,660,-660
09/17/2023 16:35,SCH - PJM_NEPTUNE,325305,660,660,-660
09/17/2023 16:35,SCH - PJM_VFT,325658,315,315,-315
09/17/2023 16:35,SPR/DUN-SOUTH,23320,1678.89,4350,-9999
09/17/2023 16:35,TOTAL EAST,23314,2739.83,6150,-9999
09/17/2023 16:35,UPNY CONED,23315,3135.4,5905,-9999
09/17/2023 16:35,WEST CENTRAL,23312,218.93,9999,-9999
09/17/2023 16:40,CENTRAL EAST - VC,23330,1110.35,1500,-9999
09/17/2023 16:40,DYSINGER EAST,23326,582.14,3200,-9999
09/17/2023 16:40,MOSES SOUTH,23319,277.78,3000,-1600
09/17/2023 16:40,SCH - HQ - NY,23324,0,1500,-425
09/17/2023 16:40,SCH - HQ_CEDARS,325274,0,200,0
09/17/2023 16:40,SCH - HQ_IMPORT_EXPORT,325376,0,1310,-9999
09/17/2023 16:40,SCH - NE - NY,23318,98.31,1400,-1600
09/17/2023 16:40,SCH - NPX_1385,325277,184,200,-200
09/17/2023 16:40,SCH - NPX_CSC,325154,0,0,0
09/17/2023 16:40,SCH - OH - NY,23317,-154.88,1750,-1200
09/17/2023 16:40,SCH - PJ - NY,23316,1714.79,2200,-1200
09/17/2023 16:40,SCH - PJM_HTP,325905,632,660,-660
09/17/2023 16:40,SCH - PJM_NEPTUNE,325305,660,660,-660
09/17/2023 16:40,SCH - PJM_VFT,325658,315,315,-315
09/17/2023 16:40,SPR/DUN-SOUTH,23320,1651.64,4350,-9999
09/17/2023 16:40,TOTAL EAST,23314,2721.34,6150,-9999
09/17/2023 16:40,UPNY CONED,23315,3110.18,5905,-9999
09/17/2023 16:40,WEST CENTRAL,23312,174.58,9999,-9999
09/17/2023 16:45,CENTRAL EAST - VC,23330,1182.02,1500,-9999
09/17/2023 16:45,DYSINGER EAST,23326,677.31,3200,-9999
09/17/2023 16:45,MOSES SOUTH,23319,228.3,3000,-1600
09/17/2023 16:45,SCH - HQ - NY,23324,0,1500,-425
09/17/2023 16:45,SCH - HQ_CEDARS,325274,0,200,0
09/17/2023 16:45,SCH - HQ_IMPORT_EXPORT,325376,0,1310,-9999
09/17/2023 16:45,SCH - NE - NY,23318,-26.44,1400,-1600
09/17/2023 16:45,SCH - NPX_1385,325277,184,200,-200
09/17/2023 16:45,SCH - NPX_CSC,325154,0,0,0
09/17/2023 16:45,SCH - OH - NY,23317,-154.37,1750,-1200
09/17/2023 16:45,SCH - PJ - NY,23316,1747.16,2200,-1200
09/17/2023 16:45,SCH - PJM_HTP,325905,646,660,-660
09/17/2023 16:45,SCH - PJM_NEPTUNE,325305,660,660,-660
09/17/2023 16:45,SCH - PJM_VFT,325658,315,315,-315
09/17/2023 16:45,SPR/DUN-SOUTH,23320,1617.31,4350,-9999
09/17/2023 16:45,TOTAL EAST,23314,2819.18,6150,-9999
09/17/2023 16:45,UPNY CONED,23315,3068.26,5905,-9999
09/17/2023 16:45,WEST CENTRAL,23312,255.01,9999,-9999
09/17/2023 16:50,CENTRAL EAST - VC,23330,1201.65,1500,-9999
09/17/2023 16:50,DYSINGER EAST,23326,665.42,3200,-9999
09/17/2023 16:50,MOSES SOUTH,23319,232.33,3000,-1600
09/17/2023 16:50,SCH - HQ - NY,23324,0,1500,-425
09/17/2023 16:50,SCH - HQ_CEDARS,325274,0,200,0
09/17/2023 16:50,SCH - HQ_IMPORT_EXPORT,325376,0,1310,-9999
09/17/2023 16:50,SCH - NE - NY,23318,-151.26,1400,-1600
09/17/2023 16:50,SCH - NPX_1385,325277,184,200,-200
09/17/2023 16:50,SCH - NPX_CSC,325154,0,0,0
09/17/2023 16:50,SCH - OH - NY,23317,-153.98,1750,-1200
09/17/2023 16:50,SCH - PJ - NY,23316,1785.46,2200,-1200
09/17/2023 16:50,SCH - PJM_HTP,325905,660,660,-660
09/17/2023 16:50,SCH - PJM_NEPTUNE,325305,660,660,-660
09/17/2023 16:50,SCH - PJM_VFT,325658,315,315,-315
09/17/2023 16:50,SPR/DUN-SOUTH,23320,1531.92,4350,-9999
09/17/2023 16:50,TOTAL EAST,23314,2852.21,6150,-9999
09/17/2023 16:50,UPNY CONED,23315,2976.21,5905,-9999
09/17/2023 16:50,WEST CENTRAL,23312,226.1,9999,-9999
09/17/2023 16:55,CENTRAL EAST - VC,23330,1214.78,1500,-9999
09/17/2023 16:55,DYSINGER EAST,23326,710.29,3200,-9999
09/17/2023 16:55,MOSES SOUTH,23319,246.51,3000,-1600
09/17/2023 16:55,SCH - HQ - NY,23324,0,1500,-425
09/17/2023 16:55,SCH - HQ_CEDARS,325274,0,200,0
09/17/2023 16:55,SCH - HQ_IMPORT_EXPORT,325376,0,1310,-9999
09/17/2023 16:55,SCH - NE - NY,23318,-151.26,1400,-1600
09/17/2023 16:55,SCH - NPX_1385,325277,184,200,-200
09/17/2023 16:55,SCH - NPX_CSC,325154,0,0,0
09/17/2023 16:55,SCH - OH - NY,23317,-155.01,1750,-1200
09/17/2023 16:55,SCH - PJ - NY,23316,1785.56,2200,-1200
09/17/2023 16:55,SCH - PJM_HTP,325905,660,660,-660
09/17/2023 16:55,SCH - PJM_NEPTUNE,325305,660,660,-660
09/17/2023 16:55,SCH - PJM_VFT,325658,315,315,-315
09/17/2023 16:55,SPR/DUN-SOUTH,23320,1522.36,4350,-9999
09/17/2023 16:55,TOTAL EAST,23314,2843.08,6150,-9999
09/17/2023 16:55,UPNY CONED,23315,2970.25,5905,-9999
09/17/2023 16:55,WEST CENTRAL,23312,284.5,9999,-9999
09/17/2023 17:00,CENTRAL EAST - VC,23330,1232.85,1500,-9999
09/17/2023 17:00,DYSINGER EAST,23326,608.59,3200,-9999
09/17/2023 17:00,MOSES SOUTH,23319,369.75,3000,-1600
09/17/2023 17:00,SCH - HQ - NY,23324,133,1500,-425
09/17/2023 17:00,SCH - HQ_CEDARS,325274,0,200,0
09/17/2023 17:00,SCH - HQ_IMPORT_EXPORT,325376,0,1310,-9999
09/17/2023 17:00,SCH - NE - NY,23318,-301.19,1400,-1600
09/17/2023 17:00,SCH - NPX_1385,325277,186,200,-200
09/17/2023 17:00,SCH - NPX_CSC,325154,0,0,0
09/17/2023 17:00,SCH - OH - NY,23317,-78.99,1750,-1200
09/17/2023 17:00,SCH - PJ - NY,23316,1789.22,2200,-1200
09/17/2023 17:00,SCH - PJM_HTP,325905,660,660,-660
09/17/2023 17:00,SCH - PJM_NEPTUNE,325305,660,660,-660
09/17/2023 17:00,SCH - PJM_VFT,325658,315,315,-315
09/17/2023 17:00,SPR/DUN-SOUTH,23320,1442.39,4350,-9999
09/17/2023 17:00,TOTAL EAST,23314,2929.02,6150,-9999
09/17/2023 17:00,UPNY CONED,23315,2853.89,5905,-9999
09/17/2023 17:00,WEST CENTRAL,23312,198.81,9999,-9999
09/17/2023 17:05,CENTRAL EAST - VC,23330,1362.79,1500,-9999
09/17/2023 17:05,DYSINGER EAST,23326,674.87,3200,-9999
09/17/2023 17:05,MOSES SOUTH,23319,534.15,3000,-1600
09/17/2023 17:05,SCH - HQ - NY,23324,267,1500,-425
09/17/2023 17:05,SCH - HQ_CEDARS,325274,0,200,0
09/17/2023 17:05,SCH - HQ_IMPORT_EXPORT,325376,0,1310,-9999
09/17/2023 17:05,SCH - NE - NY,23318,-450.62,1400,-1600
09/17/2023 17:05,SCH - NPX_1385,325277,189,200,-200
09/17/2023 17:05,SCH - NPX_CSC,325154,0,0,0
09/17/2023 17:05,SCH - OH - NY,23317,-4.18,1750,-1200
09/17/2023 17:05,SCH - PJ - NY,23316,1794.73,2200,-1200
09/17/2023 17:05,SCH - PJM_HTP,325905,660,660,-660
09/17/2023 17:05,SCH - PJM_NEPTUNE,325305,660,660,-660
09/17/2023 17:05,SCH - PJM_VFT,325658,315,315,-315
09/17/2023 17:05,SPR/DUN-SOUTH,23320,1470.58,4350,-9999
09/17/2023 17:05,TOTAL EAST,23314,3088.83,6150,-9999
09/17/2023 17:05,UPNY CONED,23315,2872.11,5905,-9999
09/17/2023 17:05,WEST CENTRAL,23312,273.55,9999,-9999
09/17/2023 17:10,CENTRAL EAST - VC,23330,1365.34,1500,-9999
09/17/2023 17:10,DYSINGER EAST,23326,717.88,3200,-9999
09/17/2023 17:10,MOSES SOUTH,23319,598.82,3000,-1600
09/17/2023 17:10,SCH - HQ - NY,23324,267,1500,-425
09/17/2023 17:10,SCH - HQ_CEDARS,325274,0,200,0
09/17/2023 17:10,SCH - HQ_IMPORT_EXPORT,325376,0,1310,-9999
09/17/2023 17:10,SCH - NE - NY,23318,-450.76,1400,-1600
09/17/2023 17:10,SCH - NPX_1385,325277,189,200,-200
09/17/2023 17:10,SCH - NPX_CSC,325154,0,0,0
09/17/2023 17:10,SCH - OH - NY,23317,-0.28,1750,-1200
09/17/2023 17:10,SCH - PJ - NY,23316,1790.29,2200,-1200
09/17/2023 17:10,SCH - PJM_HTP,325905,660,660,-660
09/17/2023 17:10,SCH - PJM_NEPTUNE,325305,660,660,-660
09/17/2023 17:10,SCH - PJM_VFT,325658,315,315,-315
09/17/2023 17:10,SPR/DUN-SOUTH,23320,1463.91,4350,-9999
09/17/2023 17:10,TOTAL EAST,23314,3095.87,6150,-9999
09/17/2023 17:10,UPNY CONED,23315,2907.5,5905,-9999
09/17/2023 17:10,WEST CENTRAL,23312,312.24,9999,-9999
09/17/2023 17:15,CENTRAL EAST - VC,23330,1399.94,1500,-9999
09/17/2023 17:15,DYSINGER EAST,23326,686.81,3200,-9999
09/17/2023 17:15,MOSES SOUTH,23319,555.74,3000,-1600
09/17/2023 17:15,SCH - HQ - NY,23324,267,1500,-425
09/17/2023 17:15,SCH - HQ_CEDARS,325274,0,200,0
09/17/2023 17:15,SCH - HQ_IMPORT_EXPORT,325376,0,1310,-9999
09/17/2023 17:15,SCH - NE - NY,23318,-484.59,1400,-1600
09/17/2023 17:15,SCH - NPX_1385,325277,189,200,-200
09/17/2023 17:15,SCH - NPX_CSC,325154,0,0,0
09/17/2023 17:15,SCH - OH - NY,23317,-3.82,1750,-1200
09/17/2023 17:15,SCH - PJ - NY,23316,1741.28,2200,-1200
09/17/2023 17:15,SCH - PJM_HTP,325905,660,660,-660
09/17/2023 17:15,SCH - PJM_NEPTUNE,325305,660,660,-660
09/17/2023 17:15,SCH - PJM_VFT,325658,315,315,-315
09/17/2023 17:15,SPR/DUN-SOUTH,23320,1456.6,4350,-9999
09/17/2023 17:15,TOTAL EAST,23314,3084.72,6150,-9999
09/17/2023 17:15,UPNY CONED,23315,2870.84,5905,-9999
09/17/2023 17:15,WEST CENTRAL,23312,267.55,9999,-9999
09/17/2023 17:20,CENTRAL EAST - VC,23330,1359.13,1500,-9999
09/17/2023 17:20,DYSINGER EAST,23326,754.68,3200,-9999
09/17/2023 17:20,MOSES SOUTH,23319,496.7,3000,-1600
09/17/2023 17:20,SCH - HQ - NY,23324,267,1500,-425
09/17/2023 17:20,SCH - HQ_CEDARS,325274,0,200,0
09/17/2023 17:20,SCH - HQ_IMPORT_EXPORT,325376,0,1310,-9999
09/17/2023 17:20,SCH - NE - NY,23318,-518.9,1400,-1600
09/17/2023 17:20,SCH - NPX_1385,325277,189,200,-200
09/17/2023 17:20,SCH - NPX_CSC,325154,0,0,0
09/17/2023 17:20,SCH - OH - NY,23317,-4.2,1750,-1200
09/17/2023 17:20,SCH - PJ - NY,23316,1693.29,2200,-1200
09/17/2023 17:20,SCH - PJM_HTP,325905,660,660,-660
09/17/2023 17:20,SCH - PJM_NEPTUNE,325305,660,660,-660
09/17/2023 17:20,SCH - PJM_VFT,325658,315,315,-315
09/17/2023 17:20,SPR/DUN-SOUTH,23320,1417.22,4350,-9999
09/17/2023 17:20,TOTAL EAST,23314,3098.82,6150,-9999
09/17/2023 17:20,UPNY CONED,23315,2822.5,5905,-9999
09/17/2023 17:20,WEST CENTRAL,23312,336.59,9999,-9999
09/17/2023 17:25,CENTRAL EAST - VC,23330,1302.03,1500,-9999
09/17/2023 17:25,DYSINGER EAST,23326,686.53,3200,-9999
09/17/2023 17:25,MOSES SOUTH,23319,479.98,3000,-1600
09/17/2023 17:25,SCH - HQ - NY,23324,267,1500,-425
09/17/2023 17:25,SCH - HQ_CEDARS,325274,0,200,0
09/17/2023 17:25,SCH - HQ_IMPORT_EXPORT,325376,0,1310,-9999
09/17/2023 17:25,SCH - NE - NY,23318,-519.08,1400,-1600
09/17/2023 17:25,SCH - NPX_1385,325277,189,200,-200
09/17/2023 17:25,SCH - NPX_CSC,325154,0,0,0
09/17/2023 17:25,SCH - OH - NY,23317,-3.39,1750,-1200
09/17/2023 17:25,SCH - PJ - NY,23316,1691.66,2200,-1200
09/17/2023 17:25,SCH - PJM_HTP,325905,660,660,-660
09/17/2023 17:25,SCH - PJM_NEPTUNE,325305,660,660,-660
09/17/2023 17:25,SCH - PJM_VFT,325658,315,315,-315
09/17/2023 17:25,SPR/DUN-SOUTH,23320,1366.28,4350,-9999
09/17/2023 17:25,TOTAL EAST,23314,3079.49,6150,-9999
09/17/2023 17:25,UPNY CONED,23315,2779.14,5905,-9999
09/17/2023 17:25,WEST CENTRAL,23312,284.23,9999,-9999
09/17/2023 17:30,CENTRAL EAST - VC,23330,1333.24,1500,-9999
09/17/2023 17:30,DYSINGER EAST,23326,710.28,3200,-9999
09/17/2023 17:30,MOSES SOUTH,23319,503.85,3000,-1600
09/17/2023 17:30,SCH - HQ - NY,23324,267,1500,-425
09/17/2023 17:30,SCH - HQ_CEDARS,325274,0,200,0
09/17/2023 17:30,SCH - HQ_IMPORT_EXPORT,325376,0,1310,-9999
09/17/2023 17:30,SCH - NE - NY,23318,-519.09,1400,-1600
09/17/2023 17:30,SCH - NPX_1385,325277,189,200,-200
09/17/2023 17:30,SCH - NPX_CSC,325154,0,0,0
09/17/2023 17:30,SCH - OH - NY,23317,-3.95,1750,-1200
09/17/2023 17:30,SCH - PJ - NY,23316,1695.3,2200,-1200
09/17/2023 17:30,SCH - PJM_HTP,325905,660,660,-660
09/17/2023 17:30,SCH - PJM_NEPTUNE,325305,660,660,-660
09/17/2023 17:30,SCH - PJM_VFT,325658,315,315,-315
09/17/2023 17:30,SPR/DUN-SOUTH,23320,1363.59,4350,-9999
09/17/2023 17:30,TOTAL EAST,23314,3079.89,6150,-9999
09/17/2023 17:30,UPNY CONED,23315,2798.34,5905,-9999
09/17/2023 17:30,WEST CENTRAL,23312,323.74,9999,-9999
09/17/2023 17:35,CENTRAL EAST - VC,23330,1309.3,1500,-9999
09/17/2023 17:35,DYSINGER EAST,23326,702.69,3200,-9999
09/17/2023 17:35,MOSES SOUTH,23319,487.71,3000,-1600
09/17/2023 17:35,SCH - HQ - NY,23324,267,1500,-425
09/17/2023 17:35,SCH - HQ_CEDARS,325274,0,200,0
09/17/2023 17:35,SCH - HQ_IMPORT_EXPORT,325376,0,1310,-9999
09/17/2023 17:35,SCH - NE - NY,23318,-519.07,1400,-1600
09/17/2023 17:35,SCH - NPX_1385,325277,189,200,-200
09/17/2023 17:35,SCH - NPX_CSC,325154,0,0,0
09/17/2023 17:35,SCH - OH - NY,23317,-3.89,1750,-1200
09/17/2023 17:35,SCH - PJ - NY,23316,1695.22,2200,-1200
09/17/2023 17:35,SCH - PJM_HTP,325905,660,660,-660
09/17/2023 17:35,SCH - PJM_NEPTUNE,325305,660,660,-660
09/17/2023 17:35,SCH - PJM_VFT,325658,315,315,-315
09/17/2023 17:35,SPR/DUN-SOUTH,23320,1331.03,4350,-9999
09/17/2023 17:35,TOTAL EAST,23314,3085.21,6150,-9999
09/17/2023 17:35,UPNY CONED,23315,2774.85,5905,-9999
09/17/2023 17:35,WEST CENTRAL,23312,314.24,9999,-9999
09/17/2023 17:40,CENTRAL EAST - VC,23330,1321.74,1500,-9999
09/17/2023 17:40,DYSINGER EAST,23326,695.23,3200,-9999
09/17/2023 17:40,MOSES SOUTH,23319,502.01,3000,-1600
09/17/2023 17:40,SCH - HQ - NY,23324,267,1500,-425
09/17/2023 17:40,SCH - HQ_CEDARS,325274,0,200,0
09/17/2023 17:40,SCH - HQ_IMPORT_EXPORT,325376,0,1310,-9999
09/17/2023 17:40,SCH - NE - NY,23318,-519.07,1400,-1600
09/17/2023 17:40,SCH - NPX_1385,325277,189,200,-200
09/17/2023 17:40,SCH - NPX_CSC,325154,0,0,0
09/17/2023 17:40,SCH - OH - NY,23317,-3.61,1750,-1200
09/17/2023 17:40,SCH - PJ - NY,23316,1692.89,2200,-1200
09/17/2023 17:40,SCH - PJM_HTP,325905,660,660,-660
09/17/2023 17:40,SCH - PJM_NEPTUNE,325305,660,660,-660
09/17/2023 17:40,SCH - PJM_VFT,325658,315,315,-315
09/17/2023 17:40,SPR/DUN-SOUTH,23320,1308.91,4350,-9999
09/17/2023 17:40,TOTAL EAST,23314,3050.22,6150,-9999
09/17/2023 17:40,UPNY CONED,23315,2756.94,5905,-9999
09/17/2023 17:40,WEST CENTRAL,23312,300.82,9999,-9999
09/17/2023 17:45,CENTRAL EAST - VC,23330,1291.71,1500,-9999
09/17/2023 17:45,DYSINGER EAST,23326,701.09,3200,-9999
09/17/2023 17:45,MOSES SOUTH,23319,500.48,3000,-1600
09/17/2023 17:45,SCH - HQ - NY,23324,267,1500,-425
09/17/2023 17:45,SCH - HQ_CEDARS,325274,0,200,0
09/17/2023 17:45,SCH - HQ_IMPORT_EXPORT,325376,0,1310,-9999
09/17/2023 17:45,SCH - NE - NY,23318,-519.12,1400,-1600
09/17/2023 17:45,SCH - NPX_1385,325277,189,200,-200
09/17/2023 17:45,SCH - NPX_CSC,325154,0,0,0
09/17/2023 17:45,SCH - OH - NY,23317,-3.69,1750,-1200
09/17/2023 17:45,SCH - PJ - NY,23316,1744.05,2200,-1200
09/17/2023 17:45,SCH - PJM_HTP,325905,660,660,-660
09/17/2023 17:45,SCH - PJM_NEPTUNE,325305,660,660,-660
09/17/2023 17:45,SCH - PJM_VFT,325658,315,315,-315
09/17/2023 17:45,SPR/DUN-SOUTH,23320,1296.67,4350,-9999
09/17/2023 17:45,TOTAL EAST,23314,3063.64,6150,-9999
09/17/2023 17:45,UPNY CONED,23315,2748.68,5905,-9999
09/17/2023 17:45,WEST CENTRAL,23312,287.74,9999,-9999
09/17/2023 17:50,CENTRAL EAST - VC,23330,1317.35,1500,-9999
09/17/2023 17:50,DYSINGER EAST,23326,730.82,3200,-9999
09/17/2023 17:50,MOSES SOUTH,23319,479.23,3000,-1600
09/17/2023 17:50,SCH - HQ - NY,23324,267,1500,-425
09/17/2023 17:50,SCH - HQ_CEDARS,325274,0,200,0
09/17/2023 17:50,SCH - HQ_IMPORT_EXPORT,325376,0,1310,-9999
09/17/2023 17:50,SCH - NE - NY,23318,-519.14,1400,-1600
09/17/2023 17:50,SCH - NPX_1385,325277,189,200,-200
09/17/2023 17:50,SCH - NPX_CSC,325154,0,0,0
09/17/2023 17:50,SCH - OH - NY,23317,-3.69,1750,-1200
09/17/2023 17:50,SCH - PJ - NY,23316,1796.1,2200,-1200
09/17/2023 17:50,SCH - PJM_HTP,325905,660,660,-660
09/17/2023 17:50,SCH - PJM_NEPTUNE,325305,660,660,-660
09/17/2023 17:50,SCH - PJM_VFT,325658,315,315,-315
09/17/2023 17:50,SPR/DUN-SOUTH,23320,1328.65,4350,-9999
09/17/2023 17:50,TOTAL EAST,23314,3080.92,6150,-9999
09/17/2023 17:50,UPNY CONED,23315,2780.28,5905,-9999
09/17/2023 17:50,WEST CENTRAL,23312,298.1,9999,-9999
09/17/2023 17:55,CENTRAL EAST - VC,23330,1294.43,1500,-9999
09/17/2023 17:55,DYSINGER EAST,23326,734.4,3200,-9999
09/17/2023 17:55,MOSES SOUTH,23319,463.61,3000,-1600
09/17/2023 17:55,SCH - HQ - NY,23324,267,1500,-425
09/17/2023 17:55,SCH - HQ_CEDARS,325274,0,200,0
09/17/2023 17:55,SCH - HQ_IMPORT_EXPORT,325376,0,1310,-9999
09/17/2023 17:55,SCH - NE - NY,23318,-519.11,1400,-1600
09/17/2023 17:55,SCH - NPX_1385,325277,189,200,-200
09/17/2023 17:55,SCH - NPX_CSC,325154,0,0,0
09/17/2023 17:55,SCH - OH - NY,23317,-3.76,1750,-1200
09/17/2023 17:55,SCH - PJ - NY,23316,1795.09,2200,-1200
09/17/2023 17:55,SCH - PJM_HTP,325905,660,660,-660
09/17/2023 17:55,SCH - PJM_NEPTUNE,325305,660,660,-660
09/17/2023 17:55,SCH - PJM_VFT,325658,315,315,-315
09/17/2023 17:55,SPR/DUN-SOUTH,23320,1314.77,4350,-9999
09/17/2023 17:55,TOTAL EAST,23314,3062.89,6150,-9999
09/17/2023 17:55,UPNY CONED,23315,2753.04,5905,-9999
09/17/2023 17:55,WEST CENTRAL,23312,276.53,9999,-9999
09/17/2023 18:00,CENTRAL EAST - VC,23330,1333.69,1500,-9999
09/17/2023 18:00,DYSINGER EAST,23326,762.62,3200,-9999
09/17/2023 18:00,MOSES SOUTH,23319,462.79,3000,-1600
09/17/2023 18:00,SCH - HQ - NY,23324,267,1500,-425
09/17/2023 18:00,SCH - HQ_CEDARS,325274,0,200,0
09/17/2023 18:00,SCH - HQ_IMPORT_EXPORT,325376,0,1310,-9999
09/17/2023 18:00,SCH - NE - NY,23318,-518.82,1400,-1600
09/17/2023 18:00,SCH - NPX_1385,325277,149,200,-200
09/17/2023 18:00,SCH - NPX_CSC,325154,0,0,0
09/17/2023 18:00,SCH - OH - NY,23317,-3.84,1750,-1200
09/17/2023 18:00,SCH - PJ - NY,23316,1777.86,2200,-1200
09/17/2023 18:00,SCH - PJM_HTP,325905,660,660,-660
09/17/2023 18:00,SCH - PJM_NEPTUNE,325305,660,660,-660
09/17/2023 18:00,SCH - PJM_VFT,325658,315,315,-315
09/17/2023 18:00,SPR/DUN-SOUTH,23320,1314.56,4350,-9999
09/17/2023 18:00,TOTAL EAST,23314,3044.4,6150,-9999
09/17/2023 18:00,UPNY CONED,23315,2758.69,5905,-9999
09/17/2023 18:00,WEST CENTRAL,23312,292.43,9999,-9999
09/17/2023 18:05,CENTRAL EAST - VC,23330,1309.55,1500,-9999
09/17/2023 18:05,DYSINGER EAST,23326,734.16,3200,-9999
09/17/2023 18:05,MOSES SOUTH,23319,465.66,3000,-1600
09/17/2023 18:05,SCH - HQ - NY,23324,267,1500,-425
09/17/2023 18:05,SCH - HQ_CEDARS,325274,0,200,0
09/17/2023 18:05,SCH - HQ_IMPORT_EXPORT,325376,0,1310,-9999
09/17/2023 18:05,SCH - NE - NY,23318,-518.79,1400,-1600
09/17/2023 18:05,SCH - NPX_1385,325277,110,200,-200
09/17/2023 18:05,SCH - NPX_CSC,325154,0,0,0
09/17/2023 18:05,SCH - OH - NY,23317,-3.72,1750,-1200
09/17/2023 18:05,SCH - PJ - NY,23316,1758.63,2200,-1200
09/17/2023 18:05,SCH - PJM_HTP,325905,660,660,-660
09/17/2023 18:05,SCH - PJM_NEPTUNE,325305,660,660,-660
09/17/2023 18:05,SCH - PJM_VFT,325658,315,315,-315
09/17/2023 18:05,SPR/DUN-SOUTH,23320,1262.01,4350,-9999
09/17/2023 18:05,TOTAL EAST,23314,3003.08,6150,-9999
09/17/2023 18:05,UPNY CONED,23315,2710.64,5905,-9999
09/17/2023 18:05,WEST CENTRAL,23312,266.27,9999,-9999
09/17/2023 18:10,CENTRAL EAST - VC,23330,1266.28,1500,-9999
09/17/2023 18:10,DYSINGER EAST,23326,724.08,3200,-9999
09/17/2023 18:10,MOSES SOUTH,23319,498.76,3000,-1600
09/17/2023 18:10,SCH - HQ - NY,23324,267,1500,-425
09/17/2023 18:10,SCH - HQ_CEDARS,325274,0,200,0
09/17/2023 18:10,SCH - HQ_IMPORT_EXPORT,325376,0,1310,-9999
09/17/2023 18:10,SCH - NE - NY,23318,-518.65,1400,-1600
09/17/2023 18:10,SCH - NPX_1385,325277,110,200,-200
09/17/2023 18:10,SCH - NPX_CSC,325154,0,0,0
09/17/2023 18:10,SCH - OH - NY,23317,-3.61,1750,-1200
09/17/2023 18:10,SCH - PJ - NY,23316,1758.34,2200,-1200
09/17/2023 18:10,SCH - PJM_HTP,325905,660,660,-660
09/17/2023 18:10,SCH - PJM_NEPTUNE,325305,660,660,-660
09/17/2023 18:10,SCH - PJM_VFT,325658,315,315,-315
09/17/2023 18:10,SPR/DUN-SOUTH,23320,1248.17,4350,-9999
09/17/2023 18:10,TOTAL EAST,23314,2987.34,6150,-9999
09/17/2023 18:10,UPNY CONED,23315,2676.98,5905,-9999
09/17/2023 18:10,WEST CENTRAL,23312,256.75,9999,-9999
09/17/2023 18:15,CENTRAL EAST - VC,23330,1306.3,1500,-9999
09/17/2023 18:15,DYSINGER EAST,23326,732.75,3200,-9999
09/17/2023 18:15,MOSES SOUTH,23319,492.73,3000,-1600
09/17/2023 18:15,SCH - HQ - NY,23324,267,1500,-425
09/17/2023 18:15,SCH - HQ_CEDARS,325274,0,200,0
09/17/2023 18:15,SCH - HQ_IMPORT_EXPORT,325376,0,1310,-9999
09/17/2023 18:15,SCH - NE - NY,23318,-579.49,1400,-1600
09/17/2023 18:15,SCH - NPX_1385,325277,110,200,-200
09/17/2023 18:15,SCH - NPX_CSC,325154,0,0,0
09/17/2023 18:15,SCH - OH - NY,23317,-3.92,1750,-1200
09/17/2023 18:15,SCH - PJ - NY,23316,1756.39,2200,-1200
09/17/2023 18:15,SCH - PJM_HTP,325905,660,660,-660
09/17/2023 18:15,SCH - PJM_NEPTUNE,325305,660,660,-660
09/17/2023 18:15,SCH - PJM_VFT,325658,315,315,-315
09/17/2023 18:15,SPR/DUN-SOUTH,23320,1203.56,4350,-9999
09/17/2023 18:15,TOTAL EAST,23314,2952.19,6150,-9999
09/17/2023 18:15,UPNY CONED,23315,2602.08,5905,-9999
09/17/2023 18:15,WEST CENTRAL,23312,257.27,9999,-9999
09/17/2023 18:20,CENTRAL EAST - VC,23330,1294.37,1500,-9999
09/17/2023 18:20,DYSINGER EAST,23326,747.15,3200,-9999
09/17/2023 18:20,MOSES SOUTH,23319,500.44,3000,-1600
09/17/2023 18:20,SCH - HQ - NY,23324,267,1500,-425
09/17/2023 18:20,SCH - HQ_CEDARS,325274,0,200,0
09/17/2023 18:20,SCH - HQ_IMPORT_EXPORT,325376,0,1310,-9999
09/17/2023 18:20,SCH - NE - NY,23318,-640.4,1400,-1600
09/17/2023 18:20,SCH - NPX_1385,325277,110,200,-200
09/17/2023 18:20,SCH - NPX_CSC,325154,0,0,0
09/17/2023 18:20,SCH - OH - NY,23317,-4.16,1750,-1200
09/17/2023 18:20,SCH - PJ - NY,23316,1758.5,2200,-1200
09/17/2023 18:20,SCH - PJM_HTP,325905,660,660,-660
09/17/2023 18:20,SCH - PJM_NEPTUNE,325305,660,660,-660
09/17/2023 18:20,SCH - PJM_VFT,325658,315,315,-315
09/17/2023 18:20,SPR/DUN-SOUTH,23320,1124.34,4350,-9999
09/17/2023 18:20,TOTAL EAST,23314,2940.31,6150,-9999
09/17/2023 18:20,UPNY CONED,23315,2523.85,5905,-9999
09/17/2023 18:20,WEST CENTRAL,23312,256.4,9999,-9999
09/17/2023 18:25,CENTRAL EAST - VC,23330,1244.31,1500,-9999
09/17/2023 18:25,DYSINGER EAST,23326,700.82,3200,-9999
09/17/2023 18:25,MOSES SOUTH,23319,494.43,3000,-1600
09/17/2023 18:25,SCH - HQ - NY,23324,267,1500,-425
09/17/2023 18:25,SCH - HQ_CEDARS,325274,0,200,0
09/17/2023 18:25,SCH - HQ_IMPORT_EXPORT,325376,0,1310,-9999
09/17/2023 18:25,SCH - NE - NY,23318,-640.47,1400,-1600
09/17/2023 18:25,SCH - NPX_1385,325277,110,200,-200
09/17/2023 18:25,SCH - NPX_CSC,325154,0,0,0
09/17/2023 18:25,SCH - OH - NY,23317,-3.71,1750,-1200
09/17/2023 18:25,SCH - PJ - NY,23316,1759.11,2200,-1200
09/17/2023 18:25,SCH - PJM_HTP,325905,660,660,-660
09/17/2023 18:25,SCH - PJM_NEPTUNE,325305,660,660,-660
09/17/2023 18:25,SCH - PJM_VFT,325658,315,315,-315
09/17/2023 18:25,SPR/DUN-SOUTH,23320,1069.81,4350,-9999
09/17/2023 18:25,TOTAL EAST,23314,2922.63,6150,-9999
09/17/2023 18:25,UPNY CONED,23315,2474.33,5905,-9999
09/17/2023 18:25,WEST CENTRAL,23312,201.37,9999,-9999
09/17/2023 18:30,CENTRAL EAST - VC,23330,1254.05,1500,-9999
09/17/2023 18:30,DYSINGER EAST,23326,722.15,3200,-9999
09/17/2023 18:30,MOSES SOUTH,23319,484.43,3000,-1600
09/17/2023 18:30,SCH - HQ - NY,23324,267,1500,-425
09/17/2023 18:30,SCH - HQ_CEDARS,325274,0,200,0
09/17/2023 18:30,SCH - HQ_IMPORT_EXPORT,325376,0,1310,-9999
09/17/2023 18:30,SCH - NE - NY,23318,-647.79,1400,-1600
09/17/2023 18:30,SCH - NPX_1385,325277,110,200,-200
09/17/2023 18:30,SCH - NPX_CSC,325154,0,0,0
09/17/2023 18:30,SCH - OH - NY,23317,-3.71,1750,-1200
09/17/2023 18:30,SCH - PJ - NY,23316,1757.47,2200,-1200
09/17/2023 18:30,SCH - PJM_HTP,325905,660,660,-660
09/17/2023 18:30,SCH - PJM_NEPTUNE,325305,660,660,-660
09/17/2023 18:30,SCH - PJM_VFT,325658,315,315,-315
09/17/2023 18:30,SPR/DUN-SOUTH,23320,1085.63,4350,-9999
09/17/2023 18:30,TOTAL EAST,23314,2918.76,6150,-9999
09/17/2023 18:30,UPNY CONED,23315,2496.61,5905,-9999
09/17/2023 18:30,WEST CENTRAL,23312,222.59,9999,-9999
09/17/2023 18:35,CENTRAL EAST - VC,23330,1233.92,1500,-9999
09/17/2023 18:35,DYSINGER EAST,23326,688.61,3200,-9999
09/17/2023 18:35,MOSES SOUTH,23319,473.8,3000,-1600
09/17/2023 18:35,SCH - HQ - NY,23324,267,1500,-425
09/17/2023 18:35,SCH - HQ_CEDARS,325274,0,200,0
09/17/2023 18:35,SCH - HQ_IMPORT_EXPORT,325376,0,1310,-9999
09/17/2023 18:35,SCH - NE - NY,23318,-654.66,1400,-1600
09/17/2023 18:35,SCH - NPX_1385,325277,110,200,-200
09/17/2023 18:35,SCH - NPX_CSC,325154,0,0,0
09/17/2023 18:35,SCH - OH - NY,23317,-3.26,1750,-1200
09/17/2023 18:35,SCH - PJ - NY,23316,1758.91,2200,-1200
09/17/2023 18:35,SCH - PJM_HTP,325905,660,660,-660
09/17/2023 18:35,SCH - PJM_NEPTUNE,325305,660,660,-660
09/17/2023 18:35,SCH - PJM_VFT,325658,315,315,-315
09/17/2023 18:35,SPR/DUN-SOUTH,23320,1052.6,4350,-9999
09/17/2023 18:35,TOTAL EAST,23314,2913.85,6150,-9999
09/17/2023 18:35,UPNY CONED,23315,2470.43,5905,-9999
09/17/2023 18:35,WEST CENTRAL,23312,193.3,9999,-9999
09/17/2023 18:40,CENTRAL EAST - VC,23330,1234.27,1500,-9999
09/17/2023 18:40,DYSINGER EAST,23326,719.79,3200,-9999
09/17/2023 18:40,MOSES SOUTH,23319,477.31,3000,-1600
09/17/2023 18:40,SCH - HQ - NY,23324,267,1500,-425
09/17/2023 18:40,SCH - HQ_CEDARS,325274,0,200,0
09/17/2023 18:40,SCH - HQ_IMPORT_EXPORT,325376,0,1310,-9999
09/17/2023 18:40,SCH - NE - NY,23318,-654.77,1400,-1600
09/17/2023 18:40,SCH - NPX_1385,325277,110,200,-200
09/17/2023 18:40,SCH - NPX_CSC,325154,0,0,0
09/17/2023 18:40,SCH - OH - NY,23317,-3.76,1750,-1200
09/17/2023 18:40,SCH - PJ - NY,23316,1758.5,2200,-1200
09/17/2023 18:40,SCH - PJM_HTP,325905,660,660,-660
09/17/2023 18:40,SCH - PJM_NEPTUNE,325305,660,660,-660
09/17/2023 18:40,SCH - PJM_VFT,325658,315,315,-315
09/17/2023 18:40,SPR/DUN-SOUTH,23320,1043.89,4350,-9999
09/17/2023 18:40,TOTAL EAST,23314,2897.77,6150,-9999
09/17/2023 18:40,UPNY CONED,23315,2464.07,5905,-9999
09/17/2023 18:40,WEST CENTRAL,23312,229.27,9999,-9999
09/17/2023 18:45,CENTRAL EAST - VC,23330,1221.96,1500,-9999
09/17/2023 18:45,DYSINGER EAST,23326,703.94,3200,-9999
09/17/2023 18:45,MOSES SOUTH,23319,466.76,3000,-1600
09/17/2023 18:45,SCH - HQ - NY,23324,267,1500,-425
09/17/2023 18:45,SCH - HQ_CEDARS,325274,0,200,0
09/17/2023 18:45,SCH - HQ_IMPORT_EXPORT,325376,0,1310,-9999
09/17/2023 18:45,SCH - NE - NY,23318,-647.8,1400,-1600
09/17/2023 18:45,SCH - NPX_1385,325277,110,200,-200
09/17/2023 18:45,SCH - NPX_CSC,325154,0,0,0
09/17/2023 18:45,SCH - OH - NY,23317,-3.37,1750,-1200
09/17/2023 18:45,SCH - PJ - NY,23316,1759.12,2200,-1200
09/17/2023 18:45,SCH - PJM_HTP,325905,660,660,-660
09/17/2023 18:45,SCH - PJM_NEPTUNE,325305,660,660,-660
09/17/2023 18:45,SCH - PJM_VFT,325658,315,315,-315
09/17/2023 18:45,SPR/DUN-SOUTH,23320,1024.91,4350,-9999
09/17/2023 18:45,TOTAL EAST,23314,2895.72,6150,-9999
09/17/2023 18:45,UPNY CONED,23315,2465.87,5905,-9999
09/17/2023 18:45,WEST CENTRAL,23312,213.57,9999,-9999
09/17/2023 18:50,CENTRAL EAST - VC,23330,1241.19,1500,-9999
09/17/2023 18:50,DYSINGER EAST,23326,716.11,3200,-9999
09/17/2023 18:50,MOSES SOUTH,23319,467.79,3000,-1600
09/17/2023 18:50,SCH - HQ - NY,23324,267,1500,-425
09/17/2023 18:50,SCH - HQ_CEDARS,325274,0,200,0
09/17/2023 18:50,SCH - HQ_IMPORT_EXPORT,325376,0,1310,-9999
09/17/2023 18:50,SCH - NE - NY,23318,-640.66,1400,-1600
09/17/2023 18:50,SCH - NPX_1385,325277,110,200,-200
09/17/2023 18:50,SCH - NPX_CSC,325154,0,0,0
09/17/2023 18:50,SCH - OH - NY,23317,-3.35,1750,-1200
09/17/2023 18:50,SCH - PJ - NY,23316,1757.04,2200,-1200
09/17/2023 18:50,SCH - PJM_HTP,325905,660,660,-660
09/17/2023 18:50,SCH - PJM_NEPTUNE,325305,660,660,-660
09/17/2023 18:50,SCH - PJM_VFT,325658,315,315,-315
09/17/2023 18:50,SPR/DUN-SOUTH,23320,1081.64,4350,-9999
09/17/2023 18:50,TOTAL EAST,23314,2892.16,6150,-9999
09/17/2023 18:50,UPNY CONED,23315,2490.38,5905,-9999
09/17/2023 18:50,WEST CENTRAL,23312,225.63,9999,-9999
09/17/2023 18:55,CENTRAL EAST - VC,23330,1229.64,1500,-9999
09/17/2023 18:55,DYSINGER EAST,23326,721.1,3200,-9999
09/17/2023 18:55,MOSES SOUTH,23319,472.29,3000,-1600
09/17/2023 18:55,SCH - HQ - NY,23324,267,1500,-425
09/17/2023 18:55,SCH - HQ_CEDARS,325274,0,200,0
09/17/2023 18:55,SCH - HQ_IMPORT_EXPORT,325376,0,1310,-9999
09/17/2023 18:55,SCH - NE - NY,23318,-640.86,1400,-1600
09/17/2023 18:55,SCH - NPX_1385,325277,110,200,-200
09/17/2023 18:55,SCH - NPX_CSC,325154,0,0,0
09/17/2023 18:55,SCH - OH - NY,23317,-3.55,1750,-1200
09/17/2023 18:55,SCH - PJ - NY,23316,1755.42,2200,-1200
09/17/2023 18:55,SCH - PJM_HTP,325905,660,660,-660
09/17/2023 18:55,SCH - PJM_NEPTUNE,325305,660,660,-660
09/17/2023 18:55,SCH - PJM_VFT,325658,315,315,-315
09/17/2023 18:55,SPR/DUN-SOUTH,23320,1039.82,4350,-9999
09/17/2023 18:55,TOTAL EAST,23314,2876.22,6150,-9999
09/17/2023 18:55,UPNY CONED,23315,2470.88,5905,-9999
09/17/2023 18:55,WEST CENTRAL,23312,227.52,9999,-9999
09/17/2023 19:00,CENTRAL EAST - VC,23330,1264.14,1500,-9999
09/17/2023 19:00,DYSINGER EAST,23326,882.18,3200,-9999
09/17/2023 19:00,MOSES SOUTH,23319,464.5,3000,-1600
09/17/2023 19:00,SCH - HQ - NY,23324,267,1500,-425
09/17/2023 19:00,SCH - HQ_CEDARS,325274,0,200,0
09/17/2023 19:00,SCH - HQ_IMPORT_EXPORT,325376,0,1310,-9999
09/17/2023 19:00,SCH - NE - NY,23318,-642.87,1400,-1600
09/17/2023 19:00,SCH - NPX_1385,325277,130,200,-200
09/17/2023 19:00,SCH - NPX_CSC,325154,0,0,0
09/17/2023 19:00,SCH - OH - NY,23317,-4.27,1750,-1200
09/17/2023 19:00,SCH - PJ - NY,23316,1793.5,2200,-1200
09/17/2023 19:00,SCH - PJM_HTP,325905,660,660,-660
09/17/2023 19:00,SCH - PJM_NEPTUNE,325305,660,660,-660
09/17/2023 19:00,SCH - PJM_VFT,325658,315,315,-315
09/17/2023 19:00,SPR/DUN-SOUTH,23320,1114.43,4350,-9999
09/17/2023 19:00,TOTAL EAST,23314,2964.87,6150,-9999
09/17/2023 19:00,UPNY CONED,23315,2567.99,5905,-9999
09/17/2023 19:00,WEST CENTRAL,23312,383.67,9999,-9999
09/17/2023 19:05,CENTRAL EAST - VC,23330,1102.55,1500,-9999
09/17/2023 19:05,DYSINGER EAST,23326,869.45,3200,-9999
09/17/2023 19:05,MOSES SOUTH,23319,460.52,3000,-1600
09/17/2023 19:05,SCH - HQ - NY,23324,267,1500,-425
09/17/2023 19:05,SCH - HQ_CEDARS,325274,0,200,0
09/17/2023 19:05,SCH - HQ_IMPORT_EXPORT,325376,0,1310,-9999
09/17/2023 19:05,SCH - NE - NY,23318,-645.82,1400,-1600
09/17/2023 19:05,SCH - NPX_1385,325277,150,200,-200
09/17/2023 19:05,SCH - NPX_CSC,325154,0,0,0
09/17/2023 19:05,SCH - OH - NY,23317,-4.21,1750,-1200
09/17/2023 19:05,SCH - PJ - NY,23316,1825.39,2200,-1200
09/17/2023 19:05,SCH - PJM_HTP,325905,660,660,-660
09/17/2023 19:05,SCH - PJM_NEPTUNE,325305,660,660,-660
09/17/2023 19:05,SCH - PJM_VFT,325658,315,315,-315
09/17/2023 19:05,SPR/DUN-SOUTH,23320,1136.69,4350,-9999
09/17/2023 19:05,TOTAL EAST,23314,2989.89,6150,-9999
09/17/2023 19:05,UPNY CONED,23315,2594.87,5905,-9999
09/17/2023 19:05,WEST CENTRAL,23312,370.11,9999,-9999
09/17/2023 19:10,CENTRAL EAST - VC,23330,1088.01,1500,-9999
09/17/2023 19:10,DYSINGER EAST,23326,864.31,3200,-9999
09/17/2023 19:10,MOSES SOUTH,23319,463.75,3000,-1600
09/17/2023 19:10,SCH - HQ - NY,23324,267,1500,-425
09/17/2023 19:10,SCH - HQ_CEDARS,325274,0,200,0
09/17/2023 19:10,SCH - HQ_IMPORT_EXPORT,325376,0,1310,-9999
09/17/2023 19:10,SCH - NE - NY,23318,-645.76,1400,-1600
09/17/2023 19:10,SCH - NPX_1385,325277,150,200,-200
09/17/2023 19:10,SCH - NPX_CSC,325154,0,0,0
09/17/2023 19:10,SCH - OH - NY,23317,-4.3,1750,-1200
09/17/2023 19:10,SCH - PJ - NY,23316,1827.38,2200,-1200
09/17/2023 19:10,SCH - PJM_HTP,325905,660,660,-660
09/17/2023 19:10,SCH - PJM_NEPTUNE,325305,660,660,-660
09/17/2023 19:10,SCH - PJM_VFT,325658,315,315,-315
09/17/2023 19:10,SPR/DUN-SOUTH,23320,1127.28,4350,-9999
09/17/2023 19:10,TOTAL EAST,23314,3014.09,6150,-9999
09/17/2023 19:10,UPNY CONED,23315,2573.89,5905,-9999
09/17/2023 19:10,WEST CENTRAL,23312,365.54,9999,-9999
09/17/2023 19:15,CENTRAL EAST - VC,23330,1089.77,1500,-9999
09/17/2023 19:15,DYSINGER EAST,23326,890.17,3200,-9999
09/17/2023 19:15,MOSES SOUTH,23319,464.87,3000,-1600
09/17/2023 19:15,SCH - HQ - NY,23324,267,1500,-425
09/17/2023 19:15,SCH - HQ_CEDARS,325274,0,200,0
09/17/2023 19:15,SCH - HQ_IMPORT_EXPORT,325376,0,1310,-9999
09/17/2023 19:15,SCH - NE - NY,23318,-611.84,1400,-1600
09/17/2023 19:15,SCH - NPX_1385,325277,150,200,-200
09/17/2023 19:15,SCH - NPX_CSC,325154,0,0,0
09/17/2023 19:15,SCH - OH - NY,23317,-0.22,1750,-1200
09/17/2023 19:15,SCH - PJ - NY,23316,1823.74,2200,-1200
09/17/2023 19:15,SCH - PJM_HTP,325905,660,660,-660
09/17/2023 19:15,SCH - PJM_NEPTUNE,325305,660,660,-660
09/17/2023 19:15,SCH - PJM_VFT,325658,315,315,-315
09/17/2023 19:15,SPR/DUN-SOUTH,23320,1131.45,4350,-9999
09/17/2023 19:15,TOTAL EAST,23314,2984.53,6150,-9999
09/17/2023 19:15,UPNY CONED,23315,2566.37,5905,-9999
09/17/2023 19:15,WEST CENTRAL,23312,388.92,9999,-9999
09/17/2023 19:20,CENTRAL EAST - VC,23330,1094.87,1500,-9999
09/17/2023 19:20,DYSINGER EAST,23326,866.44,3200,-9999
09/17/2023 19:20,MOSES SOUTH,23319,464.07,3000,-1600
09/17/2023 19:20,SCH - HQ - NY,23324,267,1500,-425
09/17/2023 19:20,SCH - HQ_CEDARS,325274,0,200,0
09/17/2023 19:20,SCH - HQ_IMPORT_EXPORT,325376,0,1310,-9999
09/17/2023 19:20,SCH - NE - NY,23318,-577.92,1400,-1600
09/17/2023 19:20,SCH - NPX_1385,325277,150,200,-200
09/17/2023 19:20,SCH - NPX_CSC,325154,0,0,0
09/17/2023 19:20,SCH - OH - NY,23317,-4.8,1750,-1200
09/17/2023 19:20,SCH - PJ - NY,23316,1827.14,2200,-1200
09/17/2023 19:20,SCH - PJM_HTP,325905,660,660,-660
09/17/2023 19:20,SCH - PJM_NEPTUNE,325305,660,660,-660
09/17/2023 19:20,SCH - PJM_VFT,325658,315,315,-315
09/17/2023 19:20,SPR/DUN-SOUTH,23320,1158.33,4350,-9999
09/17/2023 19:20,TOTAL EAST,23314,2975.55,6150,-9999
09/17/2023 19:20,UPNY CONED,23315,2596.64,5905,-9999
09/17/2023 19:20,WEST CENTRAL,23312,365.54,9999,-9999
09/17/2023 19:25,CENTRAL EAST - VC,23330,1113.01,1500,-9999
09/17/2023 19:25,DYSINGER EAST,23326,903.21,3200,-9999
09/17/2023 19:25,MOSES SOUTH,23319,465.49,3000,-1600
09/17/2023 19:25,SCH - HQ - NY,23324,267,1500,-425
09/17/2023 19:25,SCH - HQ_CEDARS,325274,0,200,0
09/17/2023 19:25,SCH - HQ_IMPORT_EXPORT,325376,0,1310,-9999
09/17/2023 19:25,SCH - NE - NY,23318,-577.82,1400,-1600
09/17/2023 19:25,SCH - NPX_1385,325277,150,200,-200
09/17/2023 19:25,SCH - NPX_CSC,325154,0,0,0
09/17/2023 19:25,SCH - OH - NY,23317,-4.96,1750,-1200
09/17/2023 19:25,SCH - PJ - NY,23316,1828.23,2200,-1200
09/17/2023 19:25,SCH - PJM_HTP,325905,660,660,-660
09/17/2023 19:25,SCH - PJM_NEPTUNE,325305,660,660,-660
09/17/2023 19:25,SCH - PJM_VFT,325658,315,315,-315
09/17/2023 19:25,SPR/DUN-SOUTH,23320,1176.39,4350,-9999
09/17/2023 19:25,TOTAL EAST,23314,2986.93,6150,-9999
09/17/2023 19:25,UPNY CONED,23315,2625.37,5905,-9999
09/17/2023 19:25,WEST CENTRAL,23312,398.75,9999,-9999
09/17/2023 19:30,CENTRAL EAST - VC,23330,1085.18,1500,-9999
09/17/2023 19:30,DYSINGER EAST,23326,896.03,3200,-9999
09/17/2023 19:30,MOSES SOUTH,23319,459.94,3000,-1600
09/17/2023 19:30,SCH - HQ - NY,23324,267,1500,-425
09/17/2023 19:30,SCH - HQ_CEDARS,325274,0,200,0
09/17/2023 19:30,SCH - HQ_IMPORT_EXPORT,325376,0,1310,-9999
09/17/2023 19:30,SCH - NE - NY,23318,-558.87,1400,-1600
09/17/2023 19:30,SCH - NPX_1385,325277,150,200,-200
09/17/2023 19:30,SCH - NPX_CSC,325154,0,0,0
09/17/2023 19:30,SCH - OH - NY,23317,-0.21,1750,-1200
09/17/2023 19:30,SCH - PJ - NY,23316,1821.77,2200,-1200
09/17/2023 19:30,SCH - PJM_HTP,325905,660,660,-660
09/17/2023 19:30,SCH - PJM_NEPTUNE,325305,660,660,-660
09/17/2023 19:30,SCH - PJM_VFT,325658,315,315,-315
09/17/2023 19:30,SPR/DUN-SOUTH,23320,1150.93,4350,-9999
09/17/2023 19:30,TOTAL EAST,23314,2985.67,6150,-9999
09/17/2023 19:30,UPNY CONED,23315,2617.16,5905,-9999
09/17/2023 19:30,WEST CENTRAL,23312,387.67,9999,-9999
09/17/2023 19:35,CENTRAL EAST - VC,23330,1080.43,1500,-9999
09/17/2023 19:35,DYSINGER EAST,23326,862.38,3200,-9999
09/17/2023 19:35,MOSES SOUTH,23319,470.08,3000,-1600
09/17/2023 19:35,SCH - HQ - NY,23324,267,1500,-425
09/17/2023 19:35,SCH - HQ_CEDARS,325274,0,200,0
09/17/2023 19:35,SCH - HQ_IMPORT_EXPORT,325376,0,1310,-9999
09/17/2023 19:35,SCH - NE - NY,23318,-540.93,1400,-1600
09/17/2023 19:35,SCH - NPX_1385,325277,150,200,-200
09/17/2023 19:35,SCH - NPX_CSC,325154,0,0,0
09/17/2023 19:35,SCH - OH - NY,23317,-5,1750,-1200
09/17/2023 19:35,SCH - PJ - NY,23316,1826.31,2200,-1200
09/17/2023 19:35,SCH - PJM_HTP,325905,660,660,-660
09/17/2023 19:35,SCH - PJM_NEPTUNE,325305,660,660,-660
09/17/2023 19:35,SCH - PJM_VFT,325658,315,315,-315
09/17/2023 19:35,SPR/DUN-SOUTH,23320,1162.98,4350,-9999
09/17/2023 19:35,TOTAL EAST,23314,2958.57,6150,-9999
09/17/2023 19:35,UPNY CONED,23315,2623.6,5905,-9999
09/17/2023 19:35,WEST CENTRAL,23312,351.6,9999,-9999
09/17/2023 19:40,CENTRAL EAST - VC,23330,1078.05,1500,-9999
09/17/2023 19:40,DYSINGER EAST,23326,852.42,3200,-9999
09/17/2023 19:40,MOSES SOUTH,23319,458.87,3000,-1600
09/17/2023 19:40,SCH - HQ - NY,23324,267,1500,-425
09/17/2023 19:40,SCH - HQ_CEDARS,325274,0,200,0
09/17/2023 19:40,SCH - HQ_IMPORT_EXPORT,325376,0,1310,-9999
09/17/2023 19:40,SCH - NE - NY,23318,-540.96,1400,-1600
09/17/2023 19:40,SCH - NPX_1385,325277,150,200,-200
09/17/2023 19:40,SCH - NPX_CSC,325154,0,0,0
09/17/2023 19:40,SCH - OH - NY,23317,-4.67,1750,-1200
09/17/2023 19:40,SCH - PJ - NY,23316,1827,2200,-1200
09/17/2023 19:40,SCH - PJM_HTP,325905,660,660,-660
09/17/2023 19:40,SCH - PJM_NEPTUNE,325305,660,660,-660
09/17/2023 19:40,SCH - PJM_VFT,325658,315,315,-315
09/17/2023 19:40,SPR/DUN-SOUTH,23320,1184.05,4350,-9999
09/17/2023 19:40,TOTAL EAST,23314,2972.67,6150,-9999
09/17/2023 19:40,UPNY CONED,23315,2639.05,5905,-9999
09/17/2023 19:40,WEST CENTRAL,23312,333.72,9999,-9999
09/17/2023 19:45,CENTRAL EAST - VC,23330,1148.45,1500,-9999
09/17/2023 19:45,DYSINGER EAST,23326,980.14,3200,-9999
09/17/2023 19:45,MOSES SOUTH,23319,465.55,3000,-1600
09/17/2023 19:45,SCH - HQ - NY,23324,267,1500,-425
09/17/2023 19:45,SCH - HQ_CEDARS,325274,0,200,0
09/17/2023 19:45,SCH - HQ_IMPORT_EXPORT,325376,0,1310,-9999
09/17/2023 19:45,SCH - NE - NY,23318,-678.48,1400,-1600
09/17/2023 19:45,SCH - NPX_1385,325277,150,200,-200
09/17/2023 19:45,SCH - NPX_CSC,325154,0,0,0
09/17/2023 19:45,SCH - OH - NY,23317,-4.35,1750,-1200
09/17/2023 19:45,SCH - PJ - NY,23316,1829.39,2200,-1200
09/17/2023 19:45,SCH - PJM_HTP,325905,660,660,-660
09/17/2023 19:45,SCH - PJM_NEPTUNE,325305,660,660,-660
09/17/2023 19:45,SCH - PJM_VFT,325658,315,315,-315
09/17/2023 19:45,SPR/DUN-SOUTH,23320,1169.34,4350,-9999
09/17/2023 19:45,TOTAL EAST,23314,3086.9,6150,-9999
09/17/2023 19:45,UPNY CONED,23315,2620.86,5905,-9999
09/17/2023 19:45,WEST CENTRAL,23312,449.5,9999,-9999
09/17/2023 19:50,CENTRAL EAST - VC,23330,1176.89,1500,-9999
09/17/2023 19:50,DYSINGER EAST,23326,1035.39,3200,-9999
09/17/2023 19:50,MOSES SOUTH,23319,474.18,3000,-1600
09/17/2023 19:50,SCH - HQ - NY,23324,267,1500,-425
09/17/2023 19:50,SCH - HQ_CEDARS,325274,0,200,0
09/17/2023 19:50,SCH - HQ_IMPORT_EXPORT,325376,0,1310,-9999
09/17/2023 19:50,SCH - NE - NY,23318,-816.91,1400,-1600
09/17/2023 19:50,SCH - NPX_1385,325277,150,200,-200
09/17/2023 19:50,SCH - NPX_CSC,325154,0,0,0
09/17/2023 19:50,SCH - OH - NY,23317,-4.74,1750,-1200
09/17/2023 19:50,SCH - PJ - NY,23316,1826.1,2200,-1200
09/17/2023 19:50,SCH - PJM_HTP,325905,660,660,-660
09/17/2023 19:50,SCH - PJM_NEPTUNE,325305,660,660,-660
09/17/2023 19:50,SCH - PJM_VFT,325658,315,315,-315
09/17/2023 19:50,SPR/DUN-SOUTH,23320,1059.4,4350,-9999
09/17/2023 19:50,TOTAL EAST,23314,3113.1,6150,-9999
09/17/2023 19:50,UPNY CONED,23315,2512.11,5905,-9999
09/17/2023 19:50,WEST CENTRAL,23312,497.72,9999,-9999
09/17/2023 19:55,CENTRAL EAST - VC,23330,1162.36,1500,-9999
09/17/2023 19:55,DYSINGER EAST,23326,996.05,3200,-9999
09/17/2023 19:55,MOSES SOUTH,23319,482.15,3000,-1600
09/17/2023 19:55,SCH - HQ - NY,23324,267,1500,-425
09/17/2023 19:55,SCH - HQ_CEDARS,325274,0,200,0
09/17/2023 19:55,SCH - HQ_IMPORT_EXPORT,325376,0,1310,-9999
09/17/2023 19:55,SCH - NE - NY,23318,-816.97,1400,-1600
09/17/2023 19:55,SCH - NPX_1385,325277,150,200,-200
09/17/2023 19:55,SCH - NPX_CSC,325154,0,0,0
09/17/2023 19:55,SCH - OH - NY,23317,-4.62,1750,-1200
09/17/2023 19:55,SCH - PJ - NY,23316,1828.01,2200,-1200
09/17/2023 19:55,SCH - PJM_HTP,325905,660,660,-660
09/17/2023 19:55,SCH - PJM_NEPTUNE,325305,660,660,-660
09/17/2023 19:55,SCH - PJM_VFT,325658,315,315,-315
09/17/2023 19:55,SPR/DUN-SOUTH,23320,1032.31,4350,-9999
09/17/2023 19:55,TOTAL EAST,23314,3127.5,6150,-9999
09/17/2023 19:55,UPNY CONED,23315,2504.34,5905,-9999
09/17/2023 19:55,WEST CENTRAL,23312,460.1,9999,-9999
09/17/2023 20:00,CENTRAL EAST - VC,23330,1194.32,1500,-9999
09/17/2023 20:00,DYSINGER EAST,23326,999.56,3200,-9999
09/17/2023 20:00,MOSES SOUTH,23319,476.04,3000,-1600
09/17/2023 20:00,SCH - HQ - NY,23324,267,1500,-425
09/17/2023 20:00,SCH - HQ_CEDARS,325274,0,200,0
09/17/2023 20:00,SCH - HQ_IMPORT_EXPORT,325376,0,1310,-9999
09/17/2023 20:00,SCH - NE - NY,23318,-796.03,1400,-1600
09/17/2023 20:00,SCH - NPX_1385,325277,152,200,-200
09/17/2023 20:00,SCH - NPX_CSC,325154,0,0,0
09/17/2023 20:00,SCH - OH - NY,23317,-4.59,1750,-1200
09/17/2023 20:00,SCH - PJ - NY,23316,1857.03,2200,-1200
09/17/2023 20:00,SCH - PJM_HTP,325905,660,660,-660
09/17/2023 20:00,SCH - PJM_NEPTUNE,325305,660,660,-660
09/17/2023 20:00,SCH - PJM_VFT,325658,315,315,-315
09/17/2023 20:00,SPR/DUN-SOUTH,23320,1052.01,4350,-9999
09/17/2023 20:00,TOTAL EAST,23314,3173.88,6150,-9999
09/17/2023 20:00,UPNY CONED,23315,2555.22,5905,-9999
09/17/2023 20:00,WEST CENTRAL,23312,471.58,9999,-9999
09/17/2023 20:05,CENTRAL EAST - VC,23330,1218.43,1500,-9999
09/17/2023 20:05,DYSINGER EAST,23326,999.55,3200,-9999
09/17/2023 20:05,MOSES SOUTH,23319,488.49,3000,-1600
09/17/2023 20:05,SCH - HQ - NY,23324,267,1500,-425
09/17/2023 20:05,SCH - HQ_CEDARS,325274,0,200,0
09/17/2023 20:05,SCH - HQ_IMPORT_EXPORT,325376,0,1310,-9999
09/17/2023 20:05,SCH - NE - NY,23318,-775.22,1400,-1600
09/17/2023 20:05,SCH - NPX_1385,325277,154,200,-200
09/17/2023 20:05,SCH - NPX_CSC,325154,0,0,0
09/17/2023 20:05,SCH - OH - NY,23317,-4.52,1750,-1200
09/17/2023 20:05,SCH - PJ - NY,23316,1887.27,2200,-1200
09/17/2023 20:05,SCH - PJM_HTP,325905,660,660,-660
09/17/2023 20:05,SCH - PJM_NEPTUNE,325305,660,660,-660
09/17/2023 20:05,SCH - PJM_VFT,325658,315,315,-315
09/17/2023 20:05,SPR/DUN-SOUTH,23320,1156.42,4350,-9999
09/17/2023 20:05,TOTAL EAST,23314,3220.61,6150,-9999
09/17/2023 20:05,UPNY CONED,23315,2648.47,5905,-9999
09/17/2023 20:05,WEST CENTRAL,23312,479.51,9999,-9999
09/17/2023 20:10,CENTRAL EAST - VC,23330,1183.92,1500,-9999
09/17/2023 20:10,DYSINGER EAST,23326,968.98,3200,-9999
09/17/2023 20:10,MOSES SOUTH,23319,464.9,3000,-1600
09/17/2023 20:10,SCH - HQ - NY,23324,267,1500,-425
09/17/2023 20:10,SCH - HQ_CEDARS,325274,0,200,0
09/17/2023 20:10,SCH - HQ_IMPORT_EXPORT,325376,0,1310,-9999
09/17/2023 20:10,SCH - NE - NY,23318,-775.23,1400,-1600
09/17/2023 20:10,SCH - NPX_1385,325277,154,200,-200
09/17/2023 20:10,SCH - NPX_CSC,325154,0,0,0
09/17/2023 20:10,SCH - OH - NY,23317,-3.91,1750,-1200
09/17/2023 20:10,SCH - PJ - NY,23316,1889.64,2200,-1200
09/17/2023 20:10,SCH - PJM_HTP,325905,660,660,-660
09/17/2023 20:10,SCH - PJM_NEPTUNE,325305,660,660,-660
09/17/2023 20:10,SCH - PJM_VFT,325658,315,315,-315
09/17/2023 20:10,SPR/DUN-SOUTH,23320,1154.61,4350,-9999
09/17/2023 20:10,TOTAL EAST,23314,3245.39,6150,-9999
09/17/2023 20:10,UPNY CONED,23315,2639.51,5905,-9999
09/17/2023 20:10,WEST CENTRAL,23312,453.16,9999,-9999
09/17/2023 20:15,CENTRAL EAST - VC,23330,1157.51,1500,-9999
09/17/2023 20:15,DYSINGER EAST,23326,909.2,3200,-9999
09/17/2023 20:15,MOSES SOUTH,23319,492.21,3000,-1600
09/17/2023 20:15,SCH - HQ - NY,23324,267,1500,-425
09/17/2023 20:15,SCH - HQ_CEDARS,325274,0,200,0
09/17/2023 20:15,SCH - HQ_IMPORT_EXPORT,325376,0,1310,-9999
09/17/2023 20:15,SCH - NE - NY,23318,-739.6,1400,-1600
09/17/2023 20:15,SCH - NPX_1385,325277,154,200,-200
09/17/2023 20:15,SCH - NPX_CSC,325154,0,0,0
09/17/2023 20:15,SCH - OH - NY,23317,-4.06,1750,-1200
09/17/2023 20:15,SCH - PJ - NY,23316,1835.04,2200,-1200
09/17/2023 20:15,SCH - PJM_HTP,325905,660,660,-660
09/17/2023 20:15,SCH - PJM_NEPTUNE,325305,660,660,-660
09/17/2023 20:15,SCH - PJM_VFT,325658,315,315,-315
09/17/2023 20:15,SPR/DUN-SOUTH,23320,1158.66,4350,-9999
09/17/2023 20:15,TOTAL EAST,23314,3220.34,6150,-9999
09/17/2023 20:15,UPNY CONED,23315,2631.75,5905,-9999
09/17/2023 20:15,WEST CENTRAL,23312,396.34,9999,-9999
09/17/2023 20:20,CENTRAL EAST - VC,23330,1150.32,1500,-9999
09/17/2023 20:20,DYSINGER EAST,23326,905.63,3200,-9999
09/17/2023 20:20,MOSES SOUTH,23319,462.37,3000,-1600
09/17/2023 20:20,SCH - HQ - NY,23324,267,1500,-425
09/17/2023 20:20,SCH - HQ_CEDARS,325274,0,200,0
09/17/2023 20:20,SCH - HQ_IMPORT_EXPORT,325376,0,1310,-9999
09/17/2023 20:20,SCH - NE - NY,23318,-703.31,1400,-1600
09/17/2023 20:20,SCH - NPX_1385,325277,154,200,-200
09/17/2023 20:20,SCH - NPX_CSC,325154,0,0,0
09/17/2023 20:20,SCH - OH - NY,23317,-3.03,1750,-1200
09/17/2023 20:20,SCH - PJ - NY,23316,1787.75,2200,-1200
09/17/2023 20:20,SCH - PJM_HTP,325905,660,660,-660
09/17/2023 20:20,SCH - PJM_NEPTUNE,325305,660,660,-660
09/17/2023 20:20,SCH - PJM_VFT,325658,315,315,-315
09/17/2023 20:20,SPR/DUN-SOUTH,23320,1208.8,4350,-9999
09/17/2023 20:20,TOTAL EAST,23314,3197.98,6150,-9999
09/17/2023 20:20,UPNY CONED,23315,2667,5905,-9999
09/17/2023 20:20,WEST CENTRAL,23312,396.88,9999,-9999
09/17/2023 20:25,CENTRAL EAST - VC,23330,1138.38,1500,-9999
09/17/2023 20:25,DYSINGER EAST,23326,865.57,3200,-9999
09/17/2023 20:25,MOSES SOUTH,23319,465.51,3000,-1600
09/17/2023 20:25,SCH - HQ - NY,23324,267,1500,-425
09/17/2023 20:25,SCH - HQ_CEDARS,325274,0,200,0
09/17/2023 20:25,SCH - HQ_IMPORT_EXPORT,325376,0,1310,-9999
09/17/2023 20:25,SCH - NE - NY,23318,-703.53,1400,-1600
09/17/2023 20:25,SCH - NPX_1385,325277,154,200,-200
09/17/2023 20:25,SCH - NPX_CSC,325154,0,0,0
09/17/2023 20:25,SCH - OH - NY,23317,-2.41,1750,-1200
09/17/2023 20:25,SCH - PJ - NY,23316,1787.2,2200,-1200
09/17/2023 20:25,SCH - PJM_HTP,325905,660,660,-660
09/17/2023 20:25,SCH - PJM_NEPTUNE,325305,660,660,-660
09/17/2023 20:25,SCH - PJM_VFT,325658,315,315,-315
09/17/2023 20:25,SPR/DUN-SOUTH,23320,1195.94,4350,-9999
09/17/2023 20:25,TOTAL EAST,23314,3202.28,6150,-9999
09/17/2023 20:25,UPNY CONED,23315,2653.46,5905,-9999
09/17/2023 20:25,WEST CENTRAL,23312,360.4,9999,-9999
09/17/2023 20:30,CENTRAL EAST - VC,23330,1097.72,1500,-9999
09/17/2023 20:30,DYSINGER EAST,23326,856.47,3200,-9999
09/17/2023 20:30,MOSES SOUTH,23319,461.62,3000,-1600
09/17/2023 20:30,SCH - HQ - NY,23324,267,1500,-425
09/17/2023 20:30,SCH - HQ_CEDARS,325274,0,200,0
09/17/2023 20:30,SCH - HQ_IMPORT_EXPORT,325376,0,1310,-9999
09/17/2023 20:30,SCH - NE - NY,23318,-620.66,1400,-1600
09/17/2023 20:30,SCH - NPX_1385,325277,154,200,-200
09/17/2023 20:30,SCH - NPX_CSC,325154,0,0,0
09/17/2023 20:30,SCH - OH - NY,23317,-3.15,1750,-1200
09/17/2023 20:30,SCH - PJ - NY,23316,1786.13,2200,-1200
09/17/2023 20:30,SCH - PJM_HTP,325905,660,660,-660
09/17/2023 20:30,SCH - PJM_NEPTUNE,325305,660,660,-660
09/17/2023 20:30,SCH - PJM_VFT,325658,315,315,-315
09/17/2023 20:30,SPR/DUN-SOUTH,23320,1200.32,4350,-9999
09/17/2023 20:30,TOTAL EAST,23314,3154.38,6150,-9999
09/17/2023 20:30,UPNY CONED,23315,2672.4,5905,-9999
09/17/2023 20:30,WEST CENTRAL,23312,355.42,9999,-9999
09/17/2023 20:35,CENTRAL EAST - VC,23330,1059.25,1500,-9999
09/17/2023 20:35,DYSINGER EAST,23326,725.02,3200,-9999
09/17/2023 20:35,MOSES SOUTH,23319,465.45,3000,-1600
09/17/2023 20:35,SCH - HQ - NY,23324,267,1500,-425
09/17/2023 20:35,SCH - HQ_CEDARS,325274,0,200,0
09/17/2023 20:35,SCH - HQ_IMPORT_EXPORT,325376,0,1310,-9999
09/17/2023 20:35,SCH - NE - NY,23318,-538.89,1400,-1600
09/17/2023 20:35,SCH - NPX_1385,325277,154,200,-200
09/17/2023 20:35,SCH - NPX_CSC,325154,0,0,0
09/17/2023 20:35,SCH - OH - NY,23317,-2.27,1750,-1200
09/17/2023 20:35,SCH - PJ - NY,23316,1787.29,2200,-1200
09/17/2023 20:35,SCH - PJM_HTP,325905,660,660,-660
09/17/2023 20:35,SCH - PJM_NEPTUNE,325305,660,660,-660
09/17/2023 20:35,SCH - PJM_VFT,325658,315,315,-315
09/17/2023 20:35,SPR/DUN-SOUTH,23320,1237.19,4350,-9999
09/17/2023 20:35,TOTAL EAST,23314,3086.95,6150,-9999
09/17/2023 20:35,UPNY CONED,23315,2706.74,5905,-9999
09/17/2023 20:35,WEST CENTRAL,23312,227.47,9999,-9999
09/17/2023 20:40,CENTRAL EAST - VC,23330,1027.92,1500,-9999
09/17/2023 20:40,DYSINGER EAST,23326,654.24,3200,-9999
09/17/2023 20:40,MOSES SOUTH,23319,454.6,3000,-1600
09/17/2023 20:40,SCH - HQ - NY,23324,267,1500,-425
09/17/2023 20:40,SCH - HQ_CEDARS,325274,0,200,0
09/17/2023 20:40,SCH - HQ_IMPORT_EXPORT,325376,0,1310,-9999
09/17/2023 20:40,SCH - NE - NY,23318,-538.95,1400,-1600
09/17/2023 20:40,SCH - NPX_1385,325277,154,200,-200
09/17/2023 20:40,SCH - NPX_CSC,325154,0,0,0
09/17/2023 20:40,SCH - OH - NY,23317,-1.52,1750,-1200
09/17/2023 20:40,SCH - PJ - NY,23316,1785.5,2200,-1200
09/17/2023 20:40,SCH - PJM_HTP,325905,660,660,-660
09/17/2023 20:40,SCH - PJM_NEPTUNE,325305,660,660,-660
09/17/2023 20:40,SCH - PJM_VFT,325658,315,315,-315
09/17/2023 20:40,SPR/DUN-SOUTH,23320,1194.91,4350,-9999
09/17/2023 20:40,TOTAL EAST,23314,3040.84,6150,-9999
09/17/2023 20:40,UPNY CONED,23315,2660.91,5905,-9999
09/17/2023 20:40,WEST CENTRAL,23312,160.27,9999,-9999
09/17/2023 20:45,CENTRAL EAST - VC,23330,1042.55,1500,-9999
09/17/2023 20:45,DYSINGER EAST,23326,729.41,3200,-9999
09/17/2023 20:45,MOSES SOUTH,23319,451.4,3000,-1600
09/17/2023 20:45,SCH - HQ - NY,23324,267,1500,-425
09/17/2023 20:45,SCH - HQ_CEDARS,325274,0,200,0
09/17/2023 20:45,SCH - HQ_IMPORT_EXPORT,325376,0,1310,-9999
09/17/2023 20:45,SCH - NE - NY,23318,-538.85,1400,-1600
09/17/2023 20:45,SCH - NPX_1385,325277,154,200,-200
09/17/2023 20:45,SCH - NPX_CSC,325154,0,0,0
09/17/2023 20:45,SCH - OH - NY,23317,-2.8,1750,-1200
09/17/2023 20:45,SCH - PJ - NY,23316,1786.75,2200,-1200
09/17/2023 20:45,SCH - PJM_HTP,325905,660,660,-660
09/17/2023 20:45,SCH - PJM_NEPTUNE,325305,660,660,-660
09/17/2023 20:45,SCH - PJM_VFT,325658,315,315,-315
09/17/2023 20:45,SPR/DUN-SOUTH,23320,1221.33,4350,-9999
09/17/2023 20:45,TOTAL EAST,23314,3048.36,6150,-9999
09/17/2023 20:45,UPNY CONED,23315,2680.83,5905,-9999
09/17/2023 20:45,WEST CENTRAL,23312,240.9,9999,-9999
09/17/2023 20:50,CENTRAL EAST - VC,23330,1032.47,1500,-9999
09/17/2023 20:50,DYSINGER EAST,23326,688.16,3200,-9999
09/17/2023 20:50,MOSES SOUTH,23319,438.02,3000,-1600
09/17/2023 20:50,SCH - HQ - NY,23324,267,1500,-425
09/17/2023 20:50,SCH - HQ_CEDARS,325274,0,200,0
09/17/2023 20:50,SCH - HQ_IMPORT_EXPORT,325376,0,1310,-9999
09/17/2023 20:50,SCH - NE - NY,23318,-538.89,1400,-1600
09/17/2023 20:50,SCH - NPX_1385,325277,154,200,-200
09/17/2023 20:50,SCH - NPX_CSC,325154,0,0,0
09/17/2023 20:50,SCH - OH - NY,23317,-1.6,1750,-1200
09/17/2023 20:50,SCH - PJ - NY,23316,1784.54,2200,-1200
09/17/2023 20:50,SCH - PJM_HTP,325905,660,660,-660
09/17/2023 20:50,SCH - PJM_NEPTUNE,325305,660,660,-660
09/17/2023 20:50,SCH - PJM_VFT,325658,315,315,-315
09/17/2023 20:50,SPR/DUN-SOUTH,23320,1254.24,4350,-9999
09/17/2023 20:50,TOTAL EAST,23314,3044.66,6150,-9999
09/17/2023 20:50,UPNY CONED,23315,2694.82,5905,-9999
09/17/2023 20:50,WEST CENTRAL,23312,206.17,9999,-9999
09/17/2023 20:55,CENTRAL EAST - VC,23330,1066.54,1500,-9999
09/17/2023 20:55,DYSINGER EAST,23326,769.33,3200,-9999
09/17/2023 20:55,MOSES SOUTH,23319,456.3,3000,-1600
09/17/2023 20:55,SCH - HQ - NY,23324,267,1500,-425
09/17/2023 20:55,SCH - HQ_CEDARS,325274,0,200,0
09/17/2023 20:55,SCH - HQ_IMPORT_EXPORT,325376,0,1310,-9999
09/17/2023 20:55,SCH - NE - NY,23318,-538.84,1400,-1600
09/17/2023 20:55,SCH - NPX_1385,325277,154,200,-200
09/17/2023 20:55,SCH - NPX_CSC,325154,0,0,0
09/17/2023 20:55,SCH - OH - NY,23317,-2.79,1750,-1200
09/17/2023 20:55,SCH - PJ - NY,23316,1784.83,2200,-1200
09/17/2023 20:55,SCH - PJM_HTP,325905,660,660,-660
09/17/2023 20:55,SCH - PJM_NEPTUNE,325305,660,660,-660
09/17/2023 20:55,SCH - PJM_VFT,325658,315,315,-315
09/17/2023 20:55,SPR/DUN-SOUTH,23320,1303.87,4350,-9999
09/17/2023 20:55,TOTAL EAST,23314,3117.69,6150,-9999
09/17/2023 20:55,UPNY CONED,23315,2764.65,5905,-9999
09/17/2023 20:55,WEST CENTRAL,23312,294.6,9999,-9999
09/17/2023 21:00,CENTRAL EAST - VC,23330,1083.26,1500,-9999
09/17/2023 21:00,DYSINGER EAST,23326,888.4,3200,-9999
09/17/2023 21:00,MOSES SOUTH,23319,316.1,3000,-1600
09/17/2023 21:00,SCH - HQ - NY,23324,133,1500,-425
09/17/2023 21:00,SCH - HQ_CEDARS,325274,0,200,0
09/17/2023 21:00,SCH - HQ_IMPORT_EXPORT,325376,0,1310,-9999
09/17/2023 21:00,SCH - NE - NY,23318,-509.71,1400,-1600
09/17/2023 21:00,SCH - NPX_1385,325277,121,200,-200
09/17/2023 21:00,SCH - NPX_CSC,325154,0,0,0
09/17/2023 21:00,SCH - OH - NY,23317,23.1,1750,-1200
09/17/2023 21:00,SCH - PJ - NY,23316,1575.04,2200,-1200
09/17/2023 21:00,SCH - PJM_HTP,325905,660,660,-660
09/17/2023 21:00,SCH - PJM_NEPTUNE,325305,660,660,-660
09/17/2023 21:00,SCH - PJM_VFT,325658,315,315,-315
09/17/2023 21:00,SPR/DUN-SOUTH,23320,1265.71,4350,-9999
09/17/2023 21:00,TOTAL EAST,23314,3013.86,6150,-9999
09/17/2023 21:00,UPNY CONED,23315,2738.42,5905,-9999
09/17/2023 21:00,WEST CENTRAL,23312,419.14,9999,-9999
09/17/2023 21:05,CENTRAL EAST - VC,23330,1006.56,1500,-9999
09/17/2023 21:05,DYSINGER EAST,23326,957.3,3200,-9999
09/17/2023 21:05,MOSES SOUTH,23319,192.74,3000,-1600
09/17/2023 21:05,SCH - HQ - NY,23324,0,1500,-425
09/17/2023 21:05,SCH - HQ_CEDARS,325274,0,200,0
09/17/2023 21:05,SCH - HQ_IMPORT_EXPORT,325376,0,1310,-9999
09/17/2023 21:05,SCH - NE - NY,23318,-480.76,1400,-1600
09/17/2023 21:05,SCH - NPX_1385,325277,87,200,-200
09/17/2023 21:05,SCH - NPX_CSC,325154,0,0,0
09/17/2023 21:05,SCH - OH - NY,23317,47.61,1750,-1200
09/17/2023 21:05,SCH - PJ - NY,23316,1369.87,2200,-1200
09/17/2023 21:05,SCH - PJM_HTP,325905,660,660,-660
09/17/2023 21:05,SCH - PJM_NEPTUNE,325305,660,660,-660
09/17/2023 21:05,SCH - PJM_VFT,325658,315,315,-315
09/17/2023 21:05,SPR/DUN-SOUTH,23320,1153.57,4350,-9999
09/17/2023 21:05,TOTAL EAST,23314,2821.42,6150,-9999
09/17/2023 21:05,UPNY CONED,23315,2638.07,5905,-9999
09/17/2023 21:05,WEST CENTRAL,23312,491.77,9999,-9999
09/17/2023 21:10,CENTRAL EAST - VC,23330,948.88,1500,-9999
09/17/2023 21:10,DYSINGER EAST,23326,884.83,3200,-9999
09/17/2023 21:10,MOSES SOUTH,23319,190.68,3000,-1600
09/17/2023 21:10,SCH - HQ - NY,23324,0,1500,-425
09/17/2023 21:10,SCH - HQ_CEDARS,325274,0,200,0
09/17/2023 21:10,SCH - HQ_IMPORT_EXPORT,325376,0,1310,-9999
09/17/2023 21:10,SCH - NE - NY,23318,-480.81,1400,-1600
09/17/2023 21:10,SCH - NPX_1385,325277,87,200,-200
09/17/2023 21:10,SCH - NPX_CSC,325154,0,0,0
09/17/2023 21:10,SCH - OH - NY,23317,48.18,1750,-1200
09/17/2023 21:10,SCH - PJ - NY,23316,1367.17,2200,-1200
09/17/2023 21:10,SCH - PJM_HTP,325905,660,660,-660
09/17/2023 21:10,SCH - PJM_NEPTUNE,325305,660,660,-660
09/17/2023 21:10,SCH - PJM_VFT,325658,315,315,-315
09/17/2023 21:10,SPR/DUN-SOUTH,23320,1134.27,4350,-9999
09/17/2023 21:10,TOTAL EAST,23314,2845.28,6150,-9999
09/17/2023 21:10,UPNY CONED,23315,2615.35,5905,-9999
09/17/2023 21:10,WEST CENTRAL,23312,425.75,9999,-9999
09/17/2023 21:15,CENTRAL EAST - VC,23330,937.59,1500,-9999
09/17/2023 21:15,DYSINGER EAST,23326,820.7,3200,-9999
09/17/2023 21:15,MOSES SOUTH,23319,170.67,3000,-1600
09/17/2023 21:15,SCH - HQ - NY,23324,0,1500,-425
09/17/2023 21:15,SCH - HQ_CEDARS,325274,0,200,0
09/17/2023 21:15,SCH - HQ_IMPORT_EXPORT,325376,0,1310,-9999
09/17/2023 21:15,SCH - NE - NY,23318,-440.98,1400,-1600
09/17/2023 21:15,SCH - NPX_1385,325277,87,200,-200
09/17/2023 21:15,SCH - NPX_CSC,325154,0,0,0
09/17/2023 21:15,SCH - OH - NY,23317,49.11,1750,-1200
09/17/2023 21:15,SCH - PJ - NY,23316,1364.23,2200,-1200
09/17/2023 21:15,SCH - PJM_HTP,325905,660,660,-660
09/17/2023 21:15,SCH - PJM_NEPTUNE,325305,660,660,-660
09/17/2023 21:15,SCH - PJM_VFT,325658,315,315,-315
09/17/2023 21:15,SPR/DUN-SOUTH,23320,1240.38,4350,-9999
09/17/2023 21:15,TOTAL EAST,23314,2868.24,6150,-9999
09/17/2023 21:15,UPNY CONED,23315,2696.96,5905,-9999
09/17/2023 21:15,WEST CENTRAL,23312,368.67,9999,-9999
09/17/2023 21:20,CENTRAL EAST - VC,23330,927.34,1500,-9999
09/17/2023 21:20,DYSINGER EAST,23326,715.29,3200,-9999
09/17/2023 21:20,MOSES SOUTH,23319,186.04,3000,-1600
09/17/2023 21:20,SCH - HQ - NY,23324,0,1500,-425
09/17/2023 21:20,SCH - HQ_CEDARS,325274,0,200,0
09/17/2023 21:20,SCH - HQ_IMPORT_EXPORT,325376,0,1310,-9999
09/17/2023 21:20,SCH - NE - NY,23318,-402.02,1400,-1600
09/17/2023 21:20,SCH - NPX_1385,325277,87,200,-200
09/17/2023 21:20,SCH - NPX_CSC,325154,0,0,0
09/17/2023 21:20,SCH - OH - NY,23317,49.82,1750,-1200
09/17/2023 21:20,SCH - PJ - NY,23316,1367.35,2200,-1200
09/17/2023 21:20,SCH - PJM_HTP,325905,660,660,-660
09/17/2023 21:20,SCH - PJM_NEPTUNE,325305,660,660,-660
09/17/2023 21:20,SCH - PJM_VFT,325658,315,315,-315
09/17/2023 21:20,SPR/DUN-SOUTH,23320,1261.97,4350,-9999
09/17/2023 21:20,TOTAL EAST,23314,2843.13,6150,-9999
09/17/2023 21:20,UPNY CONED,23315,2715.77,5905,-9999
09/17/2023 21:20,WEST CENTRAL,23312,269.56,9999,-9999
09/17/2023 21:25,CENTRAL EAST - VC,23330,949.75,1500,-9999
09/17/2023 21:25,DYSINGER EAST,23326,739.59,3200,-9999
09/17/2023 21:25,MOSES SOUTH,23319,180.46,3000,-1600
09/17/2023 21:25,SCH - HQ - NY,23324,0,1500,-425
09/17/2023 21:25,SCH - HQ_CEDARS,325274,0,200,0
09/17/2023 21:25,SCH - HQ_IMPORT_EXPORT,325376,0,1310,-9999
09/17/2023 21:25,SCH - NE - NY,23318,-401.99,1400,-1600
09/17/2023 21:25,SCH - NPX_1385,325277,87,200,-200
09/17/2023 21:25,SCH - NPX_CSC,325154,0,0,0
09/17/2023 21:25,SCH - OH - NY,23317,49.79,1750,-1200
09/17/2023 21:25,SCH - PJ - NY,23316,1368.02,2200,-1200
09/17/2023 21:25,SCH - PJM_HTP,325905,660,660,-660
09/17/2023 21:25,SCH - PJM_NEPTUNE,325305,660,660,-660
09/17/2023 21:25,SCH - PJM_VFT,325658,315,315,-315
09/17/2023 21:25,SPR/DUN-SOUTH,23320,1330.95,4350,-9999
09/17/2023 21:25,TOTAL EAST,23314,2854.6,6150,-9999
09/17/2023 21:25,UPNY CONED,23315,2783.05,5905,-9999
09/17/2023 21:25,WEST CENTRAL,23312,298.69,9999,-9999
09/17/2023 21:30,CENTRAL EAST - VC,23330,938.8,1500,-9999
09/17/2023 21:30,DYSINGER EAST,23326,733.65,3200,-9999
09/17/2023 21:30,MOSES SOUTH,23319,176.87,3000,-1600
09/17/2023 21:30,SCH - HQ - NY,23324,0,1500,-425
09/17/2023 21:30,SCH - HQ_CEDARS,325274,0,200,0
09/17/2023 21:30,SCH - HQ_IMPORT_EXPORT,325376,0,1310,-9999
09/17/2023 21:30,SCH - NE - NY,23318,-333.01,1400,-1600
09/17/2023 21:30,SCH - NPX_1385,325277,87,200,-200
09/17/2023 21:30,SCH - NPX_CSC,325154,0,0,0
09/17/2023 21:30,SCH - OH - NY,23317,50.4,1750,-1200
09/17/2023 21:30,SCH - PJ - NY,23316,1401.76,2200,-1200
09/17/2023 21:30,SCH - PJM_HTP,325905,660,660,-660
09/17/2023 21:30,SCH - PJM_NEPTUNE,325305,660,660,-660
09/17/2023 21:30,SCH - PJM_VFT,325658,315,315,-315
09/17/2023 21:30,SPR/DUN-SOUTH,23320,1409.45,4350,-9999
09/17/2023 21:30,TOTAL EAST,23314,2883.86,6150,-9999
09/17/2023 21:30,UPNY CONED,23315,2876.88,5905,-9999
09/17/2023 21:30,WEST CENTRAL,23312,295.85,9999,-9999
09/17/2023 21:35,CENTRAL EAST - VC,23330,969.33,1500,-9999
09/17/2023 21:35,DYSINGER EAST,23326,756.14,3200,-9999
09/17/2023 21:35,MOSES SOUTH,23319,172.58,3000,-1600
09/17/2023 21:35,SCH - HQ - NY,23324,0,1500,-425
09/17/2023 21:35,SCH - HQ_CEDARS,325274,0,200,0
09/17/2023 21:35,SCH - HQ_IMPORT_EXPORT,325376,0,1310,-9999
09/17/2023 21:35,SCH - NE - NY,23318,-265.25,1400,-1600
09/17/2023 21:35,SCH - NPX_1385,325277,87,200,-200
09/17/2023 21:35,SCH - NPX_CSC,325154,0,0,0
09/17/2023 21:35,SCH - OH - NY,23317,50.26,1750,-1200
09/17/2023 21:35,SCH - PJ - NY,23316,1441.09,2200,-1200
09/17/2023 21:35,SCH - PJM_HTP,325905,660,660,-660
09/17/2023 21:35,SCH - PJM_NEPTUNE,325305,660,660,-660
09/17/2023 21:35,SCH - PJM_VFT,325658,315,315,-315
09/17/2023 21:35,SPR/DUN-SOUTH,23320,1548.75,4350,-9999
09/17/2023 21:35,TOTAL EAST,23314,2932.32,6150,-9999
09/17/2023 21:35,UPNY CONED,23315,3025.31,5905,-9999
09/17/2023 21:35,WEST CENTRAL,23312,324.16,9999,-9999
09/17/2023 21:40,CENTRAL EAST - VC,23330,956.61,1500,-9999
09/17/2023 21:40,DYSINGER EAST,23326,754.52,3200,-9999
09/17/2023 21:40,MOSES SOUTH,23319,190.24,3000,-1600
09/17/2023 21:40,SCH - HQ - NY,23324,0,1500,-425
09/17/2023 21:40,SCH - HQ_CEDARS,325274,0,200,0
09/17/2023 21:40,SCH - HQ_IMPORT_EXPORT,325376,0,1310,-9999
09/17/2023 21:40,SCH - NE - NY,23318,-265.27,1400,-1600
09/17/2023 21:40,SCH - NPX_1385,325277,87,200,-200
09/17/2023 21:40,SCH - NPX_CSC,325154,0,0,0
09/17/2023 21:40,SCH - OH - NY,23317,49.88,1750,-1200
09/17/2023 21:40,SCH - PJ - NY,23316,1441.72,2200,-1200
09/17/2023 21:40,SCH - PJM_HTP,325905,660,660,-660
09/17/2023 21:40,SCH - PJM_NEPTUNE,325305,660,660,-660
09/17/2023 21:40,SCH - PJM_VFT,325658,315,315,-315
09/17/2023 21:40,SPR/DUN-SOUTH,23320,1535.66,4350,-9999
09/17/2023 21:40,TOTAL EAST,23314,2955.26,6150,-9999
09/17/2023 21:40,UPNY CONED,23315,3031.64,5905,-9999
09/17/2023 21:40,WEST CENTRAL,23312,330.55,9999,-9999
09/17/2023 21:45,CENTRAL EAST - VC,23330,923.42,1500,-9999
09/17/2023 21:45,DYSINGER EAST,23326,632.79,3200,-9999
09/17/2023 21:45,MOSES SOUTH,23319,183.41,3000,-1600
09/17/2023 21:45,SCH - HQ - NY,23324,0,1500,-425
09/17/2023 21:45,SCH - HQ_CEDARS,325274,0,200,0
09/17/2023 21:45,SCH - HQ_IMPORT_EXPORT,325376,0,1310,-9999
09/17/2023 21:45,SCH - NE - NY,23318,-226.23,1400,-1600
09/17/2023 21:45,SCH - NPX_1385,325277,87,200,-200
09/17/2023 21:45,SCH - NPX_CSC,325154,0,0,0
09/17/2023 21:45,SCH - OH - NY,23317,50.7,1750,-1200
09/17/2023 21:45,SCH - PJ - NY,23316,1488.58,2200,-1200
09/17/2023 21:45,SCH - PJM_HTP,325905,660,660,-660
09/17/2023 21:45,SCH - PJM_NEPTUNE,325305,660,660,-660
09/17/2023 21:45,SCH - PJM_VFT,325658,315,315,-315
09/17/2023 21:45,SPR/DUN-SOUTH,23320,1521.07,4350,-9999
09/17/2023 21:45,TOTAL EAST,23314,2942.85,6150,-9999
09/17/2023 21:45,UPNY CONED,23315,3029.1,5905,-9999
09/17/2023 21:45,WEST CENTRAL,23312,216.08,9999,-9999
09/17/2023 21:50,CENTRAL EAST - VC,23330,934.92,1500,-9999
09/17/2023 21:50,DYSINGER EAST,23326,567.96,3200,-9999
09/17/2023 21:50,MOSES SOUTH,23319,181.8,3000,-1600
09/17/2023 21:50,SCH - HQ - NY,23324,0,1500,-425
09/17/2023 21:50,SCH - HQ_CEDARS,325274,0,200,0
09/17/2023 21:50,SCH - HQ_IMPORT_EXPORT,325376,0,1310,-9999
09/17/2023 21:50,SCH - NE - NY,23318,-187.32,1400,-1600
09/17/2023 21:50,SCH - NPX_1385,325277,87,200,-200
09/17/2023 21:50,SCH - NPX_CSC,325154,0,0,0
09/17/2023 21:50,SCH - OH - NY,23317,51.16,1750,-1200
09/17/2023 21:50,SCH - PJ - NY,23316,1541.98,2200,-1200
09/17/2023 21:50,SCH - PJM_HTP,325905,660,660,-660
09/17/2023 21:50,SCH - PJM_NEPTUNE,325305,660,660,-660
09/17/2023 21:50,SCH - PJM_VFT,325658,315,315,-315
09/17/2023 21:50,SPR/DUN-SOUTH,23320,1565.52,4350,-9999
09/17/2023 21:50,TOTAL EAST,23314,2925.19,6150,-9999
09/17/2023 21:50,UPNY CONED,23315,3073.06,5905,-9999
09/17/2023 21:50,WEST CENTRAL,23312,157.86,9999,-9999
09/17/2023 21:53,CENTRAL EAST - VC,23330,961.52,1500,-9999
09/17/2023 21:53,DYSINGER EAST,23326,684.3,3200,-9999
09/17/2023 21:53,MOSES SOUTH,23319,214.87,3000,-1600
09/17/2023 21:53,SCH - HQ - NY,23324,0,1500,-425
09/17/2023 21:53,SCH - HQ_CEDARS,325274,0,200,0
09/17/2023 21:53,SCH - HQ_IMPORT_EXPORT,325376,0,1310,-9999
09/17/2023 21:53,SCH - NE - NY,23318,-187.35,1400,-1600
09/17/2023 21:53,SCH - NPX_1385,325277,87,200,-200
09/17/2023 21:53,SCH - NPX_CSC,325154,0,0,0
09/17/2023 21:53,SCH - OH - NY,23317,49.07,1750,-1200
09/17/2023 21:53,SCH - PJ - NY,23316,1543.2,2200,-1200
09/17/2023 21:53,SCH - PJM_HTP,325905,660,660,-660
09/17/2023 21:53,SCH - PJM_NEPTUNE,325305,660,660,-660
09/17/2023 21:53,SCH - PJM_VFT,325658,315,315,-315
09/17/2023 21:53,SPR/DUN-SOUTH,23320,1616.2,4350,-9999
09/17/2023 21:53,TOTAL EAST,23314,2951.73,6150,-9999
09/17/2023 21:53,UPNY CONED,23315,3107.63,5905,-9999
09/17/2023 21:53,WEST CENTRAL,23312,276.33,9999,-9999
09/17/2023 21:55,CENTRAL EAST - VC,23330,910.45,1500,-9999
09/17/2023 21:55,DYSINGER EAST,23326,607.37,3200,-9999
09/17/2023 21:55,MOSES SOUTH,23319,211.82,3000,-1600
09/17/2023 21:55,SCH - HQ - NY,23324,0,1500,-425
09/17/2023 21:55,SCH - HQ_CEDARS,325274,0,200,0
09/17/2023 21:55,SCH - HQ_IMPORT_EXPORT,325376,0,1310,-9999
09/17/2023 21:55,SCH - NE - NY,23318,-187.4,1400,-1600
09/17/2023 21:55,SCH - NPX_1385,325277,87,200,-200
09/17/2023 21:55,SCH - NPX_CSC,325154,0,0,0
09/17/2023 21:55,SCH - OH - NY,23317,49.76,1750,-1200
09/17/2023 21:55,SCH - PJ - NY,23316,1542.74,2200,-1200
09/17/2023 21:55,SCH - PJM_HTP,325905,660,660,-660
09/17/2023 21:55,SCH - PJM_NEPTUNE,325305,660,660,-660
09/17/2023 21:55,SCH - PJM_VFT,325658,315,315,-315
09/17/2023 21:55,SPR/DUN-SOUTH,23320,1558.86,4350,-9999
09/17/2023 21:55,TOTAL EAST,23314,2931.34,6150,-9999
09/17/2023 21:55,UPNY CONED,23315,3056.48,5905,-9999
09/17/2023 21:55,WEST CENTRAL,23312,202.87,9999,-9999
09/17/2023 22:03,CENTRAL EAST - VC,23330,801.26,1500,-9999
09/17/2023 22:03,DYSINGER EAST,23326,685.19,3200,-9999
09/17/2023 22:03,MOSES SOUTH,23319,-91.1,3000,-1600
09/17/2023 22:03,SCH - HQ - NY,23324,-276,1500,-425
09/17/2023 22:03,SCH - HQ_CEDARS,325274,0,200,0
09/17/2023 22:03,SCH - HQ_IMPORT_EXPORT,325376,-276,1310,-9999
09/17/2023 22:03,SCH - NE - NY,23318,8.42,1400,-1600
09/17/2023 22:03,SCH - NPX_1385,325277,94,200,-200
09/17/2023 22:03,SCH - NPX_CSC,325154,0,0,0
09/17/2023 22:03,SCH - OH - NY,23317,10.29,1750,-1200
09/17/2023 22:03,SCH - PJ - NY,23316,1399.58,2200,-1200
09/17/2023 22:03,SCH - PJM_HTP,325905,660,660,-660
09/17/2023 22:03,SCH - PJM_NEPTUNE,325305,660,660,-660
09/17/2023 22:03,SCH - PJM_VFT,325658,315,315,-315
09/17/2023 22:03,SPR/DUN-SOUTH,23320,1565.73,4350,-9999
09/17/2023 22:03,TOTAL EAST,23314,2702.88,6150,-9999
09/17/2023 22:03,UPNY CONED,23315,3013.99,5905,-9999
09/17/2023 22:03,WEST CENTRAL,23312,288.41,9999,-9999
09/17/2023 22:10,CENTRAL EAST - VC,23330,753.63,1500,-9999
09/17/2023 22:10,DYSINGER EAST,23326,667.45,3200,-9999
09/17/2023 22:10,MOSES SOUTH,23319,-115.03,3000,-1600
09/17/2023 22:10,SCH - HQ - NY,23324,-345,1500,-425
09/17/2023 22:10,SCH - HQ_CEDARS,325274,0,200,0
09/17/2023 22:10,SCH - HQ_IMPORT_EXPORT,325376,-345,1310,-9999
09/17/2023 22:10,SCH - NE - NY,23318,58.26,1400,-1600
09/17/2023 22:10,SCH - NPX_1385,325277,95,200,-200
09/17/2023 22:10,SCH - NPX_CSC,325154,0,0,0
09/17/2023 22:10,SCH - OH - NY,23317,-0.1,1750,-1200
09/17/2023 22:10,SCH - PJ - NY,23316,1367.11,2200,-1200
09/17/2023 22:10,SCH - PJM_HTP,325905,660,660,-660
09/17/2023 22:10,SCH - PJM_NEPTUNE,325305,660,660,-660
09/17/2023 22:10,SCH - PJM_VFT,325658,315,315,-315
09/17/2023 22:10,SPR/DUN-SOUTH,23320,1560.94,4350,-9999
09/17/2023 22:10,TOTAL EAST,23314,2620.21,6150,-9999
09/17/2023 22:10,UPNY CONED,23315,3002.86,5905,-9999
09/17/2023 22:10,WEST CENTRAL,23312,278.71,9999,-9999
09/17/2023 22:15,CENTRAL EAST - VC,23330,788.57,1500,-9999
09/17/2023 22:15,DYSINGER EAST,23326,721.73,3200,-9999
09/17/2023 22:15,MOSES SOUTH,23319,-98.62,3000,-1600
09/17/2023 22:15,SCH - HQ - NY,23324,-345,1500,-425
09/17/2023 22:15,SCH - HQ_CEDARS,325274,0,200,0
09/17/2023 22:15,SCH - HQ_IMPORT_EXPORT,325376,-345,1310,-9999
09/17/2023 22:15,SCH - NE - NY,23318,27.43,1400,-1600
09/17/2023 22:15,SCH - NPX_1385,325277,95,200,-200
09/17/2023 22:15,SCH - NPX_CSC,325154,0,0,0
09/17/2023 22:15,SCH - OH - NY,23317,-0.52,1750,-1200
09/17/2023 22:15,SCH - PJ - NY,23316,1393.47,2200,-1200
09/17/2023 22:15,SCH - PJM_HTP,325905,660,660,-660
09/17/2023 22:15,SCH - PJM_NEPTUNE,325305,660,660,-660
09/17/2023 22:15,SCH - PJM_VFT,325658,315,315,-315
09/17/2023 22:15,SPR/DUN-SOUTH,23320,1649.07,4350,-9999
09/17/2023 22:15,TOTAL EAST,23314,2684.34,6150,-9999
09/17/2023 22:15,UPNY CONED,23315,3059.58,5905,-9999
09/17/2023 22:15,WEST CENTRAL,23312,336.52,9999,-9999
09/17/2023 22:20,CENTRAL EAST - VC,23330,842.83,1500,-9999
09/17/2023 22:20,DYSINGER EAST,23326,727.68,3200,-9999
09/17/2023 22:20,MOSES SOUTH,23319,-117.1,3000,-1600
09/17/2023 22:20,SCH - HQ - NY,23324,-345,1500,-425
09/17/2023 22:20,SCH - HQ_CEDARS,325274,0,200,0
09/17/2023 22:20,SCH - HQ_IMPORT_EXPORT,325376,-345,1310,-9999
09/17/2023 22:20,SCH - NE - NY,23318,-2.47,1400,-1600
09/17/2023 22:20,SCH - NPX_1385,325277,95,200,-200
09/17/2023 22:20,SCH - NPX_CSC,325154,0,0,0
09/17/2023 22:20,SCH - OH - NY,23317,0.11,1750,-1200
09/17/2023 22:20,SCH - PJ - NY,23316,1415.56,2200,-1200
09/17/2023 22:20,SCH - PJM_HTP,325905,660,660,-660
09/17/2023 22:20,SCH - PJM_NEPTUNE,325305,660,660,-660
09/17/2023 22:20,SCH - PJM_VFT,325658,315,315,-315
09/17/2023 22:20,SPR/DUN-SOUTH,23320,1670.48,4350,-9999
09/17/2023 22:20,TOTAL EAST,23314,2720.27,6150,-9999
09/17/2023 22:20,UPNY CONED,23315,3088.24,5905,-9999
09/17/2023 22:20,WEST CENTRAL,23312,345.46,9999,-9999
09/17/2023 22:25,CENTRAL EAST - VC,23330,818.04,1500,-9999
09/17/2023 22:25,DYSINGER EAST,23326,736.83,3200,-9999
09/17/2023 22:25,MOSES SOUTH,23319,-106.28,3000,-1600
09/17/2023 22:25,SCH - HQ - NY,23324,-345,1500,-425
09/17/2023 22:25,SCH - HQ_CEDARS,325274,0,200,0
09/17/2023 22:25,SCH - HQ_IMPORT_EXPORT,325376,-345,1310,-9999
09/17/2023 22:25,SCH - NE - NY,23318,-2.55,1400,-1600
09/17/2023 22:25,SCH - NPX_1385,325277,95,200,-200
09/17/2023 22:25,SCH - NPX_CSC,325154,0,0,0
09/17/2023 22:25,SCH - OH - NY,23317,-1.01,1750,-1200
09/17/2023 22:25,SCH - PJ - NY,23316,1414.96,2200,-1200
09/17/2023 22:25,SCH - PJM_HTP,325905,660,660,-660
09/17/2023 22:25,SCH - PJM_NEPTUNE,325305,660,660,-660
09/17/2023 22:25,SCH - PJM_VFT,325658,315,315,-315
09/17/2023 22:25,SPR/DUN-SOUTH,23320,1670.76,4350,-9999
09/17/2023 22:25,TOTAL EAST,23314,2688.93,6150,-9999
09/17/2023 22:25,UPNY CONED,23315,3063.09,5905,-9999
09/17/2023 22:25,WEST CENTRAL,23312,359.49,9999,-9999
09/17/2023 22:30,CENTRAL EAST - VC,23330,807.34,1500,-9999
09/17/2023 22:30,DYSINGER EAST,23326,624.06,3200,-9999
09/17/2023 22:30,MOSES SOUTH,23319,-110.75,3000,-1600
09/17/2023 22:30,SCH - HQ - NY,23324,-345,1500,-425
09/17/2023 22:30,SCH - HQ_CEDARS,325274,0,200,0
09/17/2023 22:30,SCH - HQ_IMPORT_EXPORT,325376,-345,1310,-9999
09/17/2023 22:30,SCH - NE - NY,23318,29.47,1400,-1600
09/17/2023 22:30,SCH - NPX_1385,325277,95,200,-200
09/17/2023 22:30,SCH - NPX_CSC,325154,0,0,0
09/17/2023 22:30,SCH - OH - NY,23317,-0.75,1750,-1200
09/17/2023 22:30,SCH - PJ - NY,23316,1420.08,2200,-1200
09/17/2023 22:30,SCH - PJM_HTP,325905,660,660,-660
09/17/2023 22:30,SCH - PJM_NEPTUNE,325305,660,660,-660
09/17/2023 22:30,SCH - PJM_VFT,325658,315,315,-315
09/17/2023 22:30,SPR/DUN-SOUTH,23320,1663.46,4350,-9999
09/17/2023 22:30,TOTAL EAST,23314,2623.55,6150,-9999
09/17/2023 22:30,UPNY CONED,23315,3058.78,5905,-9999
09/17/2023 22:30,WEST CENTRAL,23312,251.92,9999,-9999
09/17/2023 22:35,CENTRAL EAST - VC,23330,781.82,1500,-9999
09/17/2023 22:35,DYSINGER EAST,23326,571.96,3200,-9999
09/17/2023 22:35,MOSES SOUTH,23319,-134.25,3000,-1600
09/17/2023 22:35,SCH - HQ - NY,23324,-345,1500,-425
09/17/2023 22:35,SCH - HQ_CEDARS,325274,0,200,0
09/17/2023 22:35,SCH - HQ_IMPORT_EXPORT,325376,-345,1310,-9999
09/17/2023 22:35,SCH - NE - NY,23318,61.35,1400,-1600
09/17/2023 22:35,SCH - NPX_1385,325277,95,200,-200
09/17/2023 22:35,SCH - NPX_CSC,325154,0,0,0
09/17/2023 22:35,SCH - OH - NY,23317,0.23,1750,-1200
09/17/2023 22:35,SCH - PJ - NY,23316,1419.57,2200,-1200
09/17/2023 22:35,SCH - PJM_HTP,325905,660,660,-660
09/17/2023 22:35,SCH - PJM_NEPTUNE,325305,660,660,-660
09/17/2023 22:35,SCH - PJM_VFT,325658,315,315,-315
09/17/2023 22:35,SPR/DUN-SOUTH,23320,1636.43,4350,-9999
09/17/2023 22:35,TOTAL EAST,23314,2609.03,6150,-9999
09/17/2023 22:35,UPNY CONED,23315,3026.84,5905,-9999
09/17/2023 22:35,WEST CENTRAL,23312,207.3,9999,-9999
09/17/2023 22:40,CENTRAL EAST - VC,23330,772.44,1500,-9999
09/17/2023 22:40,DYSINGER EAST,23326,592.96,3200,-9999
09/17/2023 22:40,MOSES SOUTH,23319,-152.05,3000,-1600
09/17/2023 22:40,SCH - HQ - NY,23324,-345,1500,-425
09/17/2023 22:40,SCH - HQ_CEDARS,325274,0,200,0
09/17/2023 22:40,SCH - HQ_IMPORT_EXPORT,325376,-345,1310,-9999
09/17/2023 22:40,SCH - NE - NY,23318,61.33,1400,-1600
09/17/2023 22:40,SCH - NPX_1385,325277,95,200,-200
09/17/2023 22:40,SCH - NPX_CSC,325154,0,0,0
09/17/2023 22:40,SCH - OH - NY,23317,0.22,1750,-1200
09/17/2023 22:40,SCH - PJ - NY,23316,1418.62,2200,-1200
09/17/2023 22:40,SCH - PJM_HTP,325905,660,660,-660
09/17/2023 22:40,SCH - PJM_NEPTUNE,325305,660,660,-660
09/17/2023 22:40,SCH - PJM_VFT,325658,315,315,-315
09/17/2023 22:40,SPR/DUN-SOUTH,23320,1632.19,4350,-9999
09/17/2023 22:40,TOTAL EAST,23314,2583.22,6150,-9999
09/17/2023 22:40,UPNY CONED,23315,3015.75,5905,-9999
09/17/2023 22:40,WEST CENTRAL,23312,232.23,9999,-9999
09/17/2023 22:45,CENTRAL EAST - VC,23330,776.73,1500,-9999
09/17/2023 22:45,DYSINGER EAST,23326,638.94,3200,-9999
09/17/2023 22:45,MOSES SOUTH,23319,-144.77,3000,-1600
09/17/2023 22:45,SCH - HQ - NY,23324,-345,1500,-425
09/17/2023 22:45,SCH - HQ_CEDARS,325274,0,200,0
09/17/2023 22:45,SCH - HQ_IMPORT_EXPORT,325376,-345,1310,-9999
09/17/2023 22:45,SCH - NE - NY,23318,136.3,1400,-1600
09/17/2023 22:45,SCH - NPX_1385,325277,95,200,-200
09/17/2023 22:45,SCH - NPX_CSC,325154,0,0,0
09/17/2023 22:45,SCH - OH - NY,23317,-1.03,1750,-1200
09/17/2023 22:45,SCH - PJ - NY,23316,1394.57,2200,-1200
09/17/2023 22:45,SCH - PJM_HTP,325905,660,660,-660
09/17/2023 22:45,SCH - PJM_NEPTUNE,325305,660,660,-660
09/17/2023 22:45,SCH - PJM_VFT,325658,315,315,-315
09/17/2023 22:45,SPR/DUN-SOUTH,23320,1640.04,4350,-9999
09/17/2023 22:45,TOTAL EAST,23314,2551.44,6150,-9999
09/17/2023 22:45,UPNY CONED,23315,3025.12,5905,-9999
09/17/2023 22:45,WEST CENTRAL,23312,280.85,9999,-9999
09/17/2023 22:50,CENTRAL EAST - VC,23330,739.31,1500,-9999
09/17/2023 22:50,DYSINGER EAST,23326,547.76,3200,-9999
09/17/2023 22:50,MOSES SOUTH,23319,-143.21,3000,-1600
09/17/2023 22:50,SCH - HQ - NY,23324,-345,1500,-425
09/17/2023 22:50,SCH - HQ_CEDARS,325274,0,200,0
09/17/2023 22:50,SCH - HQ_IMPORT_EXPORT,325376,-345,1310,-9999
09/17/2023 22:50,SCH - NE - NY,23318,212.16,1400,-1600
09/17/2023 22:50,SCH - NPX_1385,325277,95,200,-200
09/17/2023 22:50,SCH - NPX_CSC,325154,0,0,0
09/17/2023 22:50,SCH - OH - NY,23317,-0.15,1750,-1200
09/17/2023 22:50,SCH - PJ - NY,23316,1369.19,2200,-1200
09/17/2023 22:50,SCH - PJM_HTP,325905,660,660,-660
09/17/2023 22:50,SCH - PJM_NEPTUNE,325305,660,660,-660
09/17/2023 22:50,SCH - PJM_VFT,325658,315,315,-315
09/17/2023 22:50,SPR/DUN-SOUTH,23320,1673.33,4350,-9999
09/17/2023 22:50,TOTAL EAST,23314,2493.33,6150,-9999
09/17/2023 22:50,UPNY CONED,23315,3055.47,5905,-9999
09/17/2023 22:50,WEST CENTRAL,23312,195.4,9999,-9999
09/17/2023 22:55,CENTRAL EAST - VC,23330,739.01,1500,-9999
09/17/2023 22:55,DYSINGER EAST,23326,560.61,3200,-9999
09/17/2023 22:55,MOSES SOUTH,23319,-145.9,3000,-1600
09/17/2023 22:55,SCH - HQ - NY,23324,-345,1500,-425
09/17/2023 22:55,SCH - HQ_CEDARS,325274,0,200,0
09/17/2023 22:55,SCH - HQ_IMPORT_EXPORT,325376,-345,1310,-9999
09/17/2023 22:55,SCH - NE - NY,23318,212.13,1400,-1600
09/17/2023 22:55,SCH - NPX_1385,325277,95,200,-200
09/17/2023 22:55,SCH - NPX_CSC,325154,0,0,0
09/17/2023 22:55,SCH - OH - NY,23317,-1.3,1750,-1200
09/17/2023 22:55,SCH - PJ - NY,23316,1368.37,2200,-1200
09/17/2023 22:55,SCH - PJM_HTP,325905,660,660,-660
09/17/2023 22:55,SCH - PJM_NEPTUNE,325305,660,660,-660
09/17/2023 22:55,SCH - PJM_VFT,325658,315,315,-315
09/17/2023 22:55,SPR/DUN-SOUTH,23320,1667.82,4350,-9999
09/17/2023 22:55,TOTAL EAST,23314,2462.18,6150,-9999
09/17/2023 22:55,UPNY CONED,23315,3059.39,5905,-9999
09/17/2023 22:55,WEST CENTRAL,23312,213.16,9999,-9999
09/17/2023 23:00,CENTRAL EAST - VC,23330,710.41,1500,-9999
09/17/2023 23:00,DYSINGER EAST,23326,541.96,3200,-9999
09/17/2023 23:00,MOSES SOUTH,23319,-149.69,3000,-1600
09/17/2023 23:00,SCH - HQ - NY,23324,-345,1500,-425
09/17/2023 23:00,SCH - HQ_CEDARS,325274,0,200,0
09/17/2023 23:00,SCH - HQ_IMPORT_EXPORT,325376,-345,1310,-9999
09/17/2023 23:00,SCH - NE - NY,23318,173.14,1400,-1600
09/17/2023 23:00,SCH - NPX_1385,325277,95,200,-200
09/17/2023 23:00,SCH - NPX_CSC,325154,0,0,0
09/17/2023 23:00,SCH - OH - NY,23317,-0.53,1750,-1200
09/17/2023 23:00,SCH - PJ - NY,23316,1384.51,2200,-1200
09/17/2023 23:00,SCH - PJM_HTP,325905,660,660,-660
09/17/2023 23:00,SCH - PJM_NEPTUNE,325305,660,660,-660
09/17/2023 23:00,SCH - PJM_VFT,325658,315,315,-315
09/17/2023 23:00,SPR/DUN-SOUTH,23320,1606.62,4350,-9999
09/17/2023 23:00,TOTAL EAST,23314,2473.6,6150,-9999
09/17/2023 23:00,UPNY CONED,23315,3008.97,5905,-9999
09/17/2023 23:00,WEST CENTRAL,23312,200.41,9999,-9999
09/17/2023 23:05,CENTRAL EAST - VC,23330,713.77,1410,-9999
09/17/2023 23:05,DYSINGER EAST,23326,566.39,3200,-9999
09/17/2023 23:05,MOSES SOUTH,23319,-140.13,3000,-1600
09/17/2023 23:05,SCH - HQ - NY,23324,-345,1500,-425
09/17/2023 23:05,SCH - HQ_CEDARS,325274,0,200,0
09/17/2023 23:05,SCH - HQ_IMPORT_EXPORT,325376,-345,1310,-9999
09/17/2023 23:05,SCH - NE - NY,23318,134.16,1400,-1600
09/17/2023 23:05,SCH - NPX_1385,325277,95,200,-200
09/17/2023 23:05,SCH - NPX_CSC,325154,0,0,0
09/17/2023 23:05,SCH - OH - NY,23317,-1.02,1750,-1200
09/17/2023 23:05,SCH - PJ - NY,23316,1403.01,2200,-1200
09/17/2023 23:05,SCH - PJM_HTP,325905,660,660,-660
09/17/2023 23:05,SCH - PJM_NEPTUNE,325305,660,660,-660
09/17/2023 23:05,SCH - PJM_VFT,325658,315,315,-315
09/17/2023 23:05,SPR/DUN-SOUTH,23320,1585.73,4350,-9999
09/17/2023 23:05,TOTAL EAST,23314,2474.73,6150,-9999
09/17/2023 23:05,UPNY CONED,23315,2996.43,5905,-9999
09/17/2023 23:05,WEST CENTRAL,23312,231.71,9999,-9999
09/17/2023 23:10,CENTRAL EAST - VC,23330,661.01,1410,-9999
09/17/2023 23:10,DYSINGER EAST,23326,544,3200,-9999
09/17/2023 23:10,MOSES SOUTH,23319,-150.65,3000,-1600
09/17/2023 23:10,SCH - HQ - NY,23324,-345,1500,-425
09/17/2023 23:10,SCH - HQ_CEDARS,325274,0,200,0
09/17/2023 23:10,SCH - HQ_IMPORT_EXPORT,325376,-345,1310,-9999
09/17/2023 23:10,SCH - NE - NY,23318,134.14,1400,-1600
09/17/2023 23:10,SCH - NPX_1385,325277,95,200,-200
09/17/2023 23:10,SCH - NPX_CSC,325154,0,0,0
09/17/2023 23:10,SCH - OH - NY,23317,-0.18,1750,-1200
09/17/2023 23:10,SCH - PJ - NY,23316,1400.04,2200,-1200
09/17/2023 23:10,SCH - PJM_HTP,325905,660,660,-660
09/17/2023 23:10,SCH - PJM_NEPTUNE,325305,660,660,-660
09/17/2023 23:10,SCH - PJM_VFT,325658,315,315,-315
09/17/2023 23:10,SPR/DUN-SOUTH,23320,1551.23,4350,-9999
09/17/2023 23:10,TOTAL EAST,23314,2467.5,6150,-9999
09/17/2023 23:10,UPNY CONED,23315,2984.03,5905,-9999
09/17/2023 23:10,WEST CENTRAL,23312,214.6,9999,-9999
09/17/2023 23:15,CENTRAL EAST - VC,23330,648.39,1410,-9999
09/17/2023 23:15,DYSINGER EAST,23326,496.84,3200,-9999
09/17/2023 23:15,MOSES SOUTH,23319,-198.46,3000,-1600
09/17/2023 23:15,SCH - HQ - NY,23324,-345,1500,-425
09/17/2023 23:15,SCH - HQ_CEDARS,325274,0,200,0
09/17/2023 23:15,SCH - HQ_IMPORT_EXPORT,325376,-345,1310,-9999
09/17/2023 23:15,SCH - NE - NY,23318,99.25,1400,-1600
09/17/2023 23:15,SCH - NPX_1385,325277,95,200,-200
09/17/2023 23:15,SCH - NPX_CSC,325154,0,0,0
09/17/2023 23:15,SCH - OH - NY,23317,1.67,1750,-1200
09/17/2023 23:15,SCH - PJ - NY,23316,1398.98,2200,-1200
09/17/2023 23:15,SCH - PJM_HTP,325905,660,660,-660
09/17/2023 23:15,SCH - PJM_NEPTUNE,325305,660,660,-660
09/17/2023 23:15,SCH - PJM_VFT,325658,315,315,-315
09/17/2023 23:15,SPR/DUN-SOUTH,23320,1533.83,4350,-9999
09/17/2023 23:15,TOTAL EAST,23314,2456.29,6150,-9999
09/17/2023 23:15,UPNY CONED,23315,2951.36,5905,-9999
09/17/2023 23:15,WEST CENTRAL,23312,169.94,9999,-9999
09/17/2023 23:20,CENTRAL EAST - VC,23330,631.92,1410,-9999
09/17/2023 23:20,DYSINGER EAST,23326,464.86,3200,-9999
09/17/2023 23:20,MOSES SOUTH,23319,-208.43,3000,-1600
09/17/2023 23:20,SCH - HQ - NY,23324,-345,1500,-425
09/17/2023 23:20,SCH - HQ_CEDARS,325274,0,200,0
09/17/2023 23:20,SCH - HQ_IMPORT_EXPORT,325376,-345,1310,-9999
09/17/2023 23:20,SCH - NE - NY,23318,65.28,1400,-1600
09/17/2023 23:20,SCH - NPX_1385,325277,95,200,-200
09/17/2023 23:20,SCH - NPX_CSC,325154,0,0,0
09/17/2023 23:20,SCH - OH - NY,23317,0.64,1750,-1200
09/17/2023 23:20,SCH - PJ - NY,23316,1401.87,2200,-1200
09/17/2023 23:20,SCH - PJM_HTP,325905,660,660,-660
09/17/2023 23:20,SCH - PJM_NEPTUNE,325305,660,660,-660
09/17/2023 23:20,SCH - PJM_VFT,325658,315,315,-315
09/17/2023 23:20,SPR/DUN-SOUTH,23320,1409.61,4350,-9999
09/17/2023 23:20,TOTAL EAST,23314,2385.61,6150,-9999
09/17/2023 23:20,UPNY CONED,23315,2848.58,5905,-9999
09/17/2023 23:20,WEST CENTRAL,23312,142.02,9999,-9999
09/17/2023 23:25,CENTRAL EAST - VC,23330,647.64,1410,-9999
09/17/2023 23:25,DYSINGER EAST,23326,462.41,3200,-9999
09/17/2023 23:25,MOSES SOUTH,23319,-192.05,3000,-1600
09/17/2023 23:25,SCH - HQ - NY,23324,-345,1500,-425
09/17/2023 23:25,SCH - HQ_CEDARS,325274,0,200,0
09/17/2023 23:25,SCH - HQ_IMPORT_EXPORT,325376,-345,1310,-9999
09/17/2023 23:25,SCH - NE - NY,23318,65.25,1400,-1600
09/17/2023 23:25,SCH - NPX_1385,325277,95,200,-200
09/17/2023 23:25,SCH - NPX_CSC,325154,0,0,0
09/17/2023 23:25,SCH - OH - NY,23317,0.75,1750,-1200
09/17/2023 23:25,SCH - PJ - NY,23316,1400.86,2200,-1200
09/17/2023 23:25,SCH - PJM_HTP,325905,660,660,-660
09/17/2023 23:25,SCH - PJM_NEPTUNE,325305,660,660,-660
09/17/2023 23:25,SCH - PJM_VFT,325658,315,315,-315
09/17/2023 23:25,SPR/DUN-SOUTH,23320,1429.74,4350,-9999
09/17/2023 23:25,TOTAL EAST,23314,2397.98,6150,-9999
09/17/2023 23:25,UPNY CONED,23315,2848.98,5905,-9999
09/17/2023 23:25,WEST CENTRAL,23312,143.62,9999,-9999
09/17/2023 23:30,CENTRAL EAST - VC,23330,699.42,1410,-9999
09/17/2023 23:30,DYSINGER EAST,23326,501.92,3200,-9999
09/17/2023 23:30,MOSES SOUTH,23319,-215.86,3000,-1600
09/17/2023 23:30,SCH - HQ - NY,23324,-345,1500,-425
09/17/2023 23:30,SCH - HQ_CEDARS,325274,0,200,0
09/17/2023 23:30,SCH - HQ_IMPORT_EXPORT,325376,-345,1310,-9999
09/17/2023 23:30,SCH - NE - NY,23318,-33.55,1400,-1600
09/17/2023 23:30,SCH - NPX_1385,325277,95,200,-200
09/17/2023 23:30,SCH - NPX_CSC,325154,0,0,0
09/17/2023 23:30,SCH - OH - NY,23317,0.71,1750,-1200
09/17/2023 23:30,SCH - PJ - NY,23316,1480.08,2200,-1200
09/17/2023 23:30,SCH - PJM_HTP,325905,580,660,-660
09/17/2023 23:30,SCH - PJM_NEPTUNE,325305,660,660,-660
09/17/2023 23:30,SCH - PJM_VFT,325658,315,315,-315
09/17/2023 23:30,SPR/DUN-SOUTH,23320,1477.87,4350,-9999
09/17/2023 23:30,TOTAL EAST,23314,2481.95,6150,-9999
09/17/2023 23:30,UPNY CONED,23315,2895.94,5905,-9999
09/17/2023 23:30,WEST CENTRAL,23312,188.16,9999,-9999
09/17/2023 23:35,CENTRAL EAST - VC,23330,740.79,1410,-9999
09/17/2023 23:35,DYSINGER EAST,23326,576.85,3200,-9999
09/17/2023 23:35,MOSES SOUTH,23319,-193.19,3000,-1600
09/17/2023 23:35,SCH - HQ - NY,23324,-345,1500,-425
09/17/2023 23:35,SCH - HQ_CEDARS,325274,0,200,0
09/17/2023 23:35,SCH - HQ_IMPORT_EXPORT,325376,-345,1310,-9999
09/17/2023 23:35,SCH - NE - NY,23318,-133.39,1400,-1600
09/17/2023 23:35,SCH - NPX_1385,325277,95,200,-200
09/17/2023 23:35,SCH - NPX_CSC,325154,0,0,0
09/17/2023 23:35,SCH - OH - NY,23317,-0.44,1750,-1200
09/17/2023 23:35,SCH - PJ - NY,23316,1556.01,2200,-1200
09/17/2023 23:35,SCH - PJM_HTP,325905,500,660,-660
09/17/2023 23:35,SCH - PJM_NEPTUNE,325305,660,660,-660
09/17/2023 23:35,SCH - PJM_VFT,325658,315,315,-315
09/17/2023 23:35,SPR/DUN-SOUTH,23320,1507.26,4350,-9999
09/17/2023 23:35,TOTAL EAST,23314,2593.82,6150,-9999
09/17/2023 23:35,UPNY CONED,23315,2906.64,5905,-9999
09/17/2023 23:35,WEST CENTRAL,23312,265.57,9999,-9999
09/17/2023 23:40,CENTRAL EAST - VC,23330,716.06,1410,-9999
09/17/2023 23:40,DYSINGER EAST,23326,497.66,3200,-9999
09/17/2023 23:40,MOSES SOUTH,23319,-209.96,3000,-1600
09/17/2023 23:40,SCH - HQ - NY,23324,-345,1500,-425
09/17/2023 23:40,SCH - HQ_CEDARS,325274,0,200,0
09/17/2023 23:40,SCH - HQ_IMPORT_EXPORT,325376,-345,1310,-9999
09/17/2023 23:40,SCH - NE - NY,23318,-133.33,1400,-1600
09/17/2023 23:40,SCH - NPX_1385,325277,95,200,-200
09/17/2023 23:40,SCH - NPX_CSC,325154,0,0,0
09/17/2023 23:40,SCH - OH - NY,23317,0.61,1750,-1200
09/17/2023 23:40,SCH - PJ - NY,23316,1557.17,2200,-1200
09/17/2023 23:40,SCH - PJM_HTP,325905,500,660,-660
09/17/2023 23:40,SCH - PJM_NEPTUNE,325305,660,660,-660
09/17/2023 23:40,SCH - PJM_VFT,325658,315,315,-315
09/17/2023 23:40,SPR/DUN-SOUTH,23320,1475.06,4350,-9999
09/17/2023 23:40,TOTAL EAST,23314,2580.63,6150,-9999
09/17/2023 23:40,UPNY CONED,23315,2861.08,5905,-9999
09/17/2023 23:40,WEST CENTRAL,23312,190.94,9999,-9999
09/17/2023 23:45,CENTRAL EAST - VC,23330,648.17,1410,-9999
09/17/2023 23:45,DYSINGER EAST,23326,353.46,3200,-9999
09/17/2023 23:45,MOSES SOUTH,23319,-202.53,3000,-1600
09/17/2023 23:45,SCH - HQ - NY,23324,-345,1500,-425
09/17/2023 23:45,SCH - HQ_CEDARS,325274,0,200,0
09/17/2023 23:45,SCH - HQ_IMPORT_EXPORT,325376,-345,1310,-9999
09/17/2023 23:45,SCH - NE - NY,23318,-64.5,1400,-1600
09/17/2023 23:45,SCH - NPX_1385,325277,95,200,-200
09/17/2023 23:45,SCH - NPX_CSC,325154,0,0,0
09/17/2023 23:45,SCH - OH - NY,23317,0.72,1750,-1200
09/17/2023 23:45,SCH - PJ - NY,23316,1480.18,2200,-1200
09/17/2023 23:45,SCH - PJM_HTP,325905,500,660,-660
09/17/2023 23:45,SCH - PJM_NEPTUNE,325305,660,660,-660
09/17/2023 23:45,SCH - PJM_VFT,325658,315,315,-315
09/17/2023 23:45,SPR/DUN-SOUTH,23320,1422.69,4350,-9999
09/17/2023 23:45,TOTAL EAST,23314,2426.86,6150,-9999
09/17/2023 23:45,UPNY CONED,23315,2797.21,5905,-9999
09/17/2023 23:45,WEST CENTRAL,23312,51,9999,-9999
09/17/2023 23:50,CENTRAL EAST - VC,23330,594.12,1410,-9999
09/17/2023 23:50,DYSINGER EAST,23326,268.21,3200,-9999
09/17/2023 23:50,MOSES SOUTH,23319,-185.29,3000,-1600
09/17/2023 23:50,SCH - HQ - NY,23324,-345,1500,-425
09/17/2023 23:50,SCH - HQ_CEDARS,325274,0,200,0
09/17/2023 23:50,SCH - HQ_IMPORT_EXPORT,325376,-345,1310,-9999
09/17/2023 23:50,SCH - NE - NY,23318,4.26,1400,-1600
09/17/2023 23:50,SCH - NPX_1385,325277,95,200,-200
09/17/2023 23:50,SCH - NPX_CSC,325154,0,0,0
09/17/2023 23:50,SCH - OH - NY,23317,0.67,1750,-1200
09/17/2023 23:50,SCH - PJ - NY,23316,1406.43,2200,-1200
09/17/2023 23:50,SCH - PJM_HTP,325905,500,660,-660
09/17/2023 23:50,SCH - PJM_NEPTUNE,325305,660,660,-660
09/17/2023 23:50,SCH - PJM_VFT,325658,315,315,-315
09/17/2023 23:50,SPR/DUN-SOUTH,23320,1375.44,4350,-9999
09/17/2023 23:50,TOTAL EAST,23314,2290.09,6150,-9999
09/17/2023 23:50,UPNY CONED,23315,2740.09,5905,-9999
09/17/2023 23:50,WEST CENTRAL,23312,-31.61,9999,-9999
09/17/2023 23:55,CENTRAL EAST - VC,23330,554.25,1410,-9999
09/17/2023 23:55,DYSINGER EAST,23326,198.84,3200,-9999
09/17/2023 23:55,MOSES SOUTH,23319,-210.98,3000,-1600
09/17/2023 23:55,SCH - HQ - NY,23324,-345,1500,-425
09/17/2023 23:55,SCH - HQ_CEDARS,325274,0,200,0
09/17/2023 23:55,SCH - HQ_IMPORT_EXPORT,325376,-345,1310,-9999
09/17/2023 23:55,SCH - NE - NY,23318,4.22,1400,-1600
09/17/2023 23:55,SCH - NPX_1385,325277,95,200,-200
09/17/2023 23:55,SCH - NPX_CSC,325154,0,0,0
09/17/2023 23:55,SCH - OH - NY,23317,1.23,1750,-1200
09/17/2023 23:55,SCH - PJ - NY,23316,1402.23,2200,-1200
09/17/2023 23:55,SCH - PJM_HTP,325905,500,660,-660
09/17/2023 23:55,SCH - PJM_NEPTUNE,325305,660,660,-660
09/17/2023 23:55,SCH - PJM_VFT,325658,315,315,-315
09/17/2023 23:55,SPR/DUN-SOUTH,23320,1346.53,4350,-9999
09/17/2023 23:55,TOTAL EAST,23314,2238.16,6150,-9999
09/17/2023 23:55,UPNY CONED,23315,2704.76,5905,-9999
09/17/2023 23:55,WEST CENTRAL,23312,-98.36,9999,-9999
